[
    {
        "Group": "Men",
        "Samples": 725,
        "WER Mean": 0.4771,
        "WER List": [
            0.6440677966101694,
            0.35714285714285715,
            0.7894736842105263,
            0.4,
            0.9615384615384616,
            0.25,
            1.0,
            0.5866666666666667,
            1.0,
            0.38095238095238093,
            0.9,
            0.1,
            1.0,
            0.38235294117647056,
            1.125,
            0.1875,
            1.1904761904761905,
            0.6363636363636364,
            1.04,
            0.37037037037037035,
            1.1578947368421053,
            0.375,
            1.0,
            0.4482758620689655,
            1.0,
            0.21052631578947367,
            0.9523809523809523,
            0.42105263157894735,
            1.0,
            0.4,
            1.1875,
            0.3333333333333333,
            1.0,
            0.5333333333333333,
            1.125,
            0.2608695652173913,
            1.0,
            0.5,
            1.0,
            0.375,
            1.1785714285714286,
            0.4166666666666667,
            1.064516129032258,
            0.2777777777777778,
            1.0,
            0.6153846153846154,
            0.9285714285714286,
            0.42857142857142855,
            0.8947368421052632,
            0.7317073170731707,
            0.4666666666666667,
            0.2,
            0.56,
            0.4594594594594595,
            0.5454545454545454,
            0.27450980392156865,
            0.29411764705882354,
            0.10465116279069768,
            0.6615384615384615,
            0.5131578947368421,
            0.6436781609195402,
            0.23529411764705882,
            0.32954545454545453,
            0.3709677419354839,
            0.8695652173913043,
            0.3522727272727273,
            0.6153846153846154,
            0.5151515151515151,
            0.532258064516129,
            0.41304347826086957,
            0.47560975609756095,
            0.4067796610169492,
            0.6268656716417911,
            0.5354330708661418,
            0.375,
            0.5227272727272727,
            0.4909090909090909,
            0.5125,
            0.2923076923076923,
            0.2696629213483146,
            0.17567567567567569,
            0.3620689655172414,
            0.32608695652173914,
            0.4722222222222222,
            0.5254237288135594,
            0.5581395348837209,
            0.631578947368421,
            0.5660377358490566,
            0.6065573770491803,
            0.4,
            0.2619047619047619,
            0.6285714285714286,
            0.39215686274509803,
            0.3157894736842105,
            0.4520547945205479,
            0.2711864406779661,
            0.5081967213114754,
            0.2222222222222222,
            0.5735294117647058,
            0.42857142857142855,
            0.3888888888888889,
            0.32098765432098764,
            0.45161290322580644,
            0.66,
            0.23636363636363636,
            0.21212121212121213,
            0.4069767441860465,
            0.23529411764705882,
            0.32786885245901637,
            0.36231884057971014,
            0.1643835616438356,
            0.2318840579710145,
            0.37142857142857144,
            0.11764705882352941,
            0.29347826086956524,
            0.25,
            0.4057971014492754,
            0.3055555555555556,
            0.4329896907216495,
            0.4880952380952381,
            0.9090909090909091,
            0.45652173913043476,
            0.48484848484848486,
            0.4891304347826087,
            0.45454545454545453,
            0.43478260869565216,
            0.46153846153846156,
            0.3055555555555556,
            0.3448275862068966,
            0.16393442622950818,
            0.24324324324324326,
            0.2777777777777778,
            0.2441860465116279,
            0.21428571428571427,
            0.125,
            0.273972602739726,
            0.19736842105263158,
            0.44155844155844154,
            0.2127659574468085,
            0.25925925925925924,
            0.2463768115942029,
            0.14285714285714285,
            0.21739130434782608,
            0.45901639344262296,
            0.36619718309859156,
            0.2222222222222222,
            0.3235294117647059,
            0.11764705882352941,
            0.17721518987341772,
            0.17142857142857143,
            0.1746031746031746,
            0.1791044776119403,
            0.09090909090909091,
            0.18571428571428572,
            0.09859154929577464,
            0.1125,
            0.09523809523809523,
            0.3150684931506849,
            0.2653061224489796,
            0.3783783783783784,
            0.36486486486486486,
            0.5714285714285714,
            0.5573770491803278,
            0.3644067796610169,
            0.6,
            0.39805825242718446,
            0.25146198830409355,
            0.4552238805970149,
            0.40186915887850466,
            0.20202020202020202,
            0.16666666666666666,
            0.3783783783783784,
            0.3939393939393939,
            0.35398230088495575,
            0.47297297297297297,
            0.43884892086330934,
            0.3333333333333333,
            0.4888888888888889,
            0.3103448275862069,
            0.36470588235294116,
            0.3,
            0.25,
            0.2982456140350877,
            0.21238938053097345,
            0.4393939393939394,
            0.4065040650406504,
            0.2631578947368421,
            0.28289473684210525,
            0.36666666666666664,
            0.18604651162790697,
            0.3069306930693069,
            0.38636363636363635,
            0.2268041237113402,
            0.3645833333333333,
            0.6896551724137931,
            0.18181818181818182,
            0.17073170731707318,
            0.3125,
            0.2727272727272727,
            0.37662337662337664,
            0.109375,
            0.2903225806451613,
            0.29333333333333333,
            0.20987654320987653,
            0.4126984126984127,
            0.2465753424657534,
            0.38202247191011235,
            0.24358974358974358,
            0.391304347826087,
            0.7014925373134329,
            0.4166666666666667,
            0.33980582524271846,
            0.5609756097560976,
            0.6875,
            0.48314606741573035,
            0.6086956521739131,
            0.7019230769230769,
            0.5,
            0.4351851851851852,
            0.5510204081632653,
            0.4609375,
            0.55,
            0.6296296296296297,
            0.4105263157894737,
            0.5,
            0.5384615384615384,
            0.42857142857142855,
            0.6197183098591549,
            0.5923076923076923,
            0.42857142857142855,
            0.6106194690265486,
            0.5221238938053098,
            0.5052631578947369,
            0.4700854700854701,
            0.36792452830188677,
            0.5833333333333334,
            0.4214876033057851,
            0.6612903225806451,
            0.5238095238095238,
            0.5,
            0.5130434782608696,
            0.44537815126050423,
            0.4649122807017544,
            0.5,
            0.44525547445255476,
            0.654320987654321,
            0.496,
            0.6885245901639344,
            0.44029850746268656,
            0.49624060150375937,
            0.6545454545454545,
            0.4098360655737705,
            0.5877192982456141,
            0.44274809160305345,
            0.5222222222222223,
            0.6470588235294118,
            0.47540983606557374,
            0.3508771929824561,
            0.4596774193548387,
            0.6153846153846154,
            0.5078125,
            0.6099290780141844,
            0.4861111111111111,
            0.6145833333333334,
            0.4728682170542636,
            0.41732283464566927,
            0.4527027027027027,
            0.48854961832061067,
            0.45695364238410596,
            0.6402877697841727,
            0.39097744360902253,
            0.39814814814814814,
            0.4369747899159664,
            0.46153846153846156,
            0.43410852713178294,
            0.4566929133858268,
            0.464,
            0.390625,
            0.5303030303030303,
            0.6642857142857143,
            0.5968992248062015,
            0.49557522123893805,
            0.503448275862069,
            0.38333333333333336,
            0.38095238095238093,
            0.45528455284552843,
            0.5528455284552846,
            0.45081967213114754,
            0.366412213740458,
            0.35,
            0.5196850393700787,
            0.543859649122807,
            0.4263565891472868,
            0.5504587155963303,
            0.3611111111111111,
            0.4827586206896552,
            0.34375,
            0.4235294117647059,
            0.34951456310679613,
            0.37623762376237624,
            0.4943820224719101,
            0.4838709677419355,
            0.30337078651685395,
            0.4375,
            0.2840909090909091,
            0.34210526315789475,
            0.34615384615384615,
            0.30666666666666664,
            0.34545454545454546,
            0.2878787878787879,
            0.4166666666666667,
            0.2912621359223301,
            0.23,
            0.2808988764044944,
            0.5135135135135135,
            0.5,
            0.21649484536082475,
            0.30927835051546393,
            0.330188679245283,
            0.47058823529411764,
            0.44565217391304346,
            0.33980582524271846,
            0.4845360824742268,
            0.29591836734693877,
            0.4909090909090909,
            0.6153846153846154,
            0.47572815533980584,
            0.3469387755102041,
            0.43617021276595747,
            0.4117647058823529,
            0.3723404255319149,
            0.33653846153846156,
            0.26136363636363635,
            0.38461538461538464,
            0.3626373626373626,
            0.33636363636363636,
            0.42857142857142855,
            0.30612244897959184,
            0.25961538461538464,
            0.4827586206896552,
            0.42452830188679247,
            0.375,
            0.375,
            0.42857142857142855,
            0.9130434782608695,
            0.4457831325301205,
            0.5978260869565217,
            0.6379310344827587,
            0.5982905982905983,
            0.6548672566371682,
            0.6060606060606061,
            0.5106382978723404,
            0.5945945945945946,
            0.9245283018867925,
            0.8714285714285714,
            0.5921052631578947,
            0.5157894736842106,
            0.5822784810126582,
            0.6551724137931034,
            0.676923076923077,
            0.7111111111111111,
            0.19047619047619047,
            0.2857142857142857,
            0.13333333333333333,
            0.18548387096774194,
            0.1797752808988764,
            0.20909090909090908,
            0.15,
            0.19047619047619047,
            0.0851063829787234,
            0.17647058823529413,
            0.1511627906976744,
            0.23655913978494625,
            0.4807692307692308,
            0.475,
            0.3783783783783784,
            0.3888888888888889,
            0.5523809523809524,
            0.49473684210526314,
            0.5697674418604651,
            0.4329896907216495,
            0.43529411764705883,
            0.5121951219512195,
            0.45454545454545453,
            0.4215686274509804,
            0.4639175257731959,
            0.46987951807228917,
            0.4189189189189189,
            0.36082474226804123,
            0.3516483516483517,
            0.3541666666666667,
            0.4375,
            0.4146341463414634,
            0.28421052631578947,
            0.42045454545454547,
            0.22988505747126436,
            0.3838383838383838,
            0.375,
            0.41975308641975306,
            0.6551724137931034,
            0.4519230769230769,
            0.3181818181818182,
            0.3894736842105263,
            0.43478260869565216,
            0.5647058823529412,
            0.3148148148148148,
            0.49411764705882355,
            0.47126436781609193,
            0.3333333333333333,
            0.5185185185185185,
            0.2826086956521739,
            0.35714285714285715,
            0.4270833333333333,
            0.32926829268292684,
            0.6777777777777778,
            0.3466666666666667,
            0.5,
            0.27058823529411763,
            0.5227272727272727,
            0.5384615384615384,
            0.6909090909090909,
            0.6323529411764706,
            0.7195121951219512,
            0.6907216494845361,
            0.7582417582417582,
            0.6612903225806451,
            0.5308641975308642,
            0.6354166666666666,
            0.7571428571428571,
            0.5094339622641509,
            0.797752808988764,
            0.6326530612244898,
            0.8444444444444444,
            0.8727272727272727,
            0.6451612903225806,
            0.638095238095238,
            0.8490566037735849,
            0.5483870967741935,
            0.6990291262135923,
            0.8227848101265823,
            0.676056338028169,
            0.9139784946236559,
            0.6419753086419753,
            0.6666666666666666,
            0.618421052631579,
            0.7096774193548387,
            0.7608695652173914,
            0.5321100917431193,
            0.6666666666666666,
            0.7884615384615384,
            0.4657534246575342,
            0.5060240963855421,
            0.37349397590361444,
            0.7011494252873564,
            0.8090909090909091,
            0.4854368932038835,
            0.5340909090909091,
            0.44761904761904764,
            0.881578947368421,
            0.43333333333333335,
            1.0138888888888888,
            0.7840909090909091,
            0.6171875,
            0.574468085106383,
            0.782608695652174,
            0.8764044943820225,
            0.7291666666666666,
            0.6363636363636364,
            0.9518072289156626,
            0.7962962962962963,
            0.7333333333333333,
            0.6229508196721312,
            0.8235294117647058,
            0.8108108108108109,
            0.5471698113207547,
            0.7951807228915663,
            0.6,
            0.7450980392156863,
            0.6886792452830188,
            0.9672131147540983,
            0.6071428571428571,
            0.7926829268292683,
            0.7169811320754716,
            0.6379310344827587,
            0.9459459459459459,
            0.7671232876712328,
            0.8,
            0.8333333333333334,
            0.42857142857142855,
            0.6774193548387096,
            0.7446808510638298,
            1.3285714285714285,
            0.8292682926829268,
            0.7258064516129032,
            0.77,
            0.9285714285714286,
            0.6422018348623854,
            0.7868852459016393,
            0.9861111111111112,
            0.8214285714285714,
            1.0789473684210527,
            0.75,
            0.7222222222222222,
            0.6029411764705882,
            0.9375,
            0.9078947368421053,
            0.7181818181818181,
            0.7704918032786885,
            0.7714285714285715,
            0.8987341772151899,
            0.7475728155339806,
            0.550561797752809,
            0.6477272727272727,
            0.6964285714285714,
            0.8548387096774194,
            1.0533333333333332,
            0.7954545454545454,
            0.9855072463768116,
            0.9230769230769231,
            0.7,
            1.2678571428571428,
            0.797752808988764,
            0.7640449438202247,
            0.7457627118644068,
            0.7228915662650602,
            0.9538461538461539,
            0.5428571428571428,
            0.7717391304347826,
            0.5957446808510638,
            0.7604166666666666,
            0.6867469879518072,
            0.8333333333333334,
            0.7368421052631579,
            0.9315068493150684,
            0.855072463768116,
            0.8764044943820225,
            0.5909090909090909,
            0.5841584158415841,
            0.5531914893617021,
            0.7529411764705882,
            0.5333333333333333,
            0.8769230769230769,
            0.7066666666666667,
            0.8070175438596491,
            0.6883116883116883,
            0.9428571428571428,
            0.6753246753246753,
            0.6435643564356436,
            0.926829268292683,
            0.7058823529411765,
            1.1758241758241759,
            0.9803921568627451,
            0.5333333333333333,
            0.7297297297297297,
            0.8658536585365854,
            0.36538461538461536,
            0.3333333333333333,
            0.3137254901960784,
            0.10526315789473684,
            0.17391304347826086,
            0.3,
            0.2682926829268293,
            0.3090909090909091,
            0.34615384615384615,
            0.25806451612903225,
            0.35185185185185186,
            0.35294117647058826,
            0.30303030303030304,
            0.352112676056338,
            0.38823529411764707,
            0.27848101265822783,
            0.4426229508196721,
            0.2564102564102564,
            0.16666666666666666,
            0.19047619047619047,
            0.3333333333333333,
            0.19047619047619047,
            0.3918918918918919,
            0.423728813559322,
            0.1927710843373494,
            0.3088235294117647,
            0.3977272727272727,
            0.2982456140350877,
            0.4105263157894737,
            0.31666666666666665,
            0.19298245614035087,
            0.34285714285714286,
            0.45714285714285713,
            0.24324324324324326,
            0.29411764705882354,
            0.17307692307692307,
            0.2982456140350877,
            0.21212121212121213,
            0.2,
            0.25,
            0.2535211267605634,
            0.19230769230769232,
            0.4,
            0.46153846153846156,
            0.2839506172839506,
            0.38095238095238093,
            0.4166666666666667,
            0.20388349514563106,
            0.25555555555555554,
            0.2597402597402597,
            0.2782608695652174,
            0.21818181818181817,
            0.21739130434782608,
            0.313953488372093,
            0.3211009174311927,
            0.38738738738738737,
            0.41346153846153844,
            0.38181818181818183,
            0.35,
            0.2815533980582524,
            0.25925925925925924,
            0.375,
            0.2835820895522388,
            0.4714285714285714,
            0.32857142857142857,
            0.24509803921568626,
            0.4731182795698925,
            0.4444444444444444,
            0.3761467889908257,
            0.1797752808988764,
            0.35064935064935066,
            0.375,
            0.5675675675675675,
            0.5441176470588235,
            0.22666666666666666,
            0.33663366336633666,
            0.45054945054945056,
            0.3380281690140845,
            0.2876712328767123,
            0.18055555555555555,
            0.3283582089552239,
            0.3855421686746988,
            0.29357798165137616,
            0.13924050632911392,
            0.25,
            0.1724137931034483,
            0.2702702702702703,
            0.3409090909090909,
            0.297029702970297,
            0.3163265306122449,
            0.46017699115044247,
            0.4230769230769231,
            0.35714285714285715,
            0.22549019607843138,
            0.3246753246753247,
            0.3595505617977528,
            0.22340425531914893,
            0.29591836734693877,
            0.32222222222222224,
            0.33,
            0.14285714285714285,
            0.17647058823529413,
            0.21505376344086022,
            0.3333333333333333,
            0.3670886075949367,
            0.27380952380952384,
            0.3177570093457944,
            0.53125,
            0.3611111111111111,
            0.24691358024691357,
            0.25,
            0.45652173913043476,
            0.3382352941176471,
            0.4367816091954023,
            0.38028169014084506,
            0.6046511627906976,
            0.4126984126984127,
            0.5078125,
            0.3333333333333333,
            0.3804347826086957,
            0.45918367346938777,
            0.37894736842105264,
            0.46511627906976744,
            0.5686274509803921,
            0.4794520547945205,
            0.1875,
            0.23333333333333334,
            0.4842105263157895,
            0.9655172413793104,
            0.3424657534246575,
            0.5,
            0.3829787234042553,
            0.2891566265060241,
            0.17142857142857143,
            0.35353535353535354,
            0.38028169014084506,
            0.33783783783783783,
            0.27472527472527475,
            0.49074074074074076,
            0.45121951219512196,
            0.2988505747126437,
            0.323943661971831,
            0.49557522123893805,
            0.5229357798165137,
            0.4457831325301205,
            0.3111111111111111,
            0.547945205479452,
            0.41379310344827586,
            0.32432432432432434,
            0.4077669902912621,
            0.3523809523809524,
            0.25961538461538464,
            0.35714285714285715,
            0.18947368421052632,
            0.4722222222222222,
            0.425531914893617,
            0.34444444444444444,
            0.6138613861386139,
            0.4329896907216495,
            0.4396551724137931,
            0.4491525423728814,
            0.3233082706766917,
            0.46875,
            0.43209876543209874,
            0.27058823529411763,
            0.3389830508474576,
            0.29591836734693877,
            0.4787234042553192,
            0.18269230769230768,
            0.1111111111111111
        ],
        "CER Mean": 0.2677,
        "CER List": [
            0.21036585365853658,
            0.18115942028985507,
            0.34408602150537637,
            0.17391304347826086,
            0.4435483870967742,
            0.1095890410958904,
            0.5227272727272727,
            0.3132183908045977,
            0.5943396226415094,
            0.2111111111111111,
            0.503448275862069,
            0.023255813953488372,
            0.4067796610169492,
            0.1893491124260355,
            0.8108108108108109,
            0.08333333333333333,
            0.4793388429752066,
            0.21296296296296297,
            0.5877862595419847,
            0.20149253731343283,
            0.52,
            0.1927710843373494,
            0.6904761904761905,
            0.18181818181818182,
            0.46808510638297873,
            0.1797752808988764,
            0.4380952380952381,
            0.20833333333333334,
            0.5408805031446541,
            0.19811320754716982,
            0.6582278481012658,
            0.3013698630136986,
            0.6290322580645161,
            0.45714285714285713,
            0.6506024096385542,
            0.125,
            0.5207100591715976,
            0.23863636363636365,
            0.5686274509803921,
            0.15789473684210525,
            0.6212121212121212,
            0.2564102564102564,
            0.5539568345323741,
            0.18947368421052632,
            0.5145631067961165,
            0.42028985507246375,
            0.2857142857142857,
            0.17843866171003717,
            0.5842696629213483,
            0.2571428571428571,
            0.2265625,
            0.10752688172043011,
            0.28975265017667845,
            0.22038567493112948,
            0.25,
            0.19708029197080293,
            0.15789473684210525,
            0.07249466950959488,
            0.34011627906976744,
            0.1872146118721461,
            0.3779342723004695,
            0.15060240963855423,
            0.1581196581196581,
            0.18285714285714286,
            0.416,
            0.20210526315789473,
            0.39295392953929537,
            0.328125,
            0.39864864864864863,
            0.20634920634920634,
            0.29539951573849876,
            0.2682926829268293,
            0.41317365269461076,
            0.32440944881889766,
            0.16945107398568018,
            0.31388329979879276,
            0.2222222222222222,
            0.2867647058823529,
            0.12215909090909091,
            0.14049586776859505,
            0.057065217391304345,
            0.1196319018404908,
            0.15517241379310345,
            0.23575129533678757,
            0.281437125748503,
            0.2643171806167401,
            0.26576576576576577,
            0.38113207547169814,
            0.23035230352303523,
            0.21474358974358973,
            0.15789473684210525,
            0.36272040302267,
            0.1925925925925926,
            0.1807909604519774,
            0.24873096446700507,
            0.121875,
            0.26557377049180325,
            0.11715481171548117,
            0.3397790055248619,
            0.1962864721485411,
            0.17814726840855108,
            0.13539192399049882,
            0.2588726513569937,
            0.40074906367041196,
            0.16326530612244897,
            0.10185185185185185,
            0.24821002386634844,
            0.10401891252955082,
            0.1476923076923077,
            0.19452054794520549,
            0.08120649651972157,
            0.17630057803468208,
            0.17174515235457063,
            0.07380073800738007,
            0.17248062015503876,
            0.12429378531073447,
            0.23218997361477572,
            0.16022099447513813,
            0.24,
            0.2817955112219451,
            0.88,
            0.23529411764705882,
            0.26774847870182555,
            0.31490384615384615,
            0.20967741935483872,
            0.2349137931034483,
            0.28213166144200624,
            0.14854111405835543,
            0.18181818181818182,
            0.10784313725490197,
            0.10485933503836317,
            0.15562913907284767,
            0.1313364055299539,
            0.07692307692307693,
            0.10638297872340426,
            0.11192214111922141,
            0.0962962962962963,
            0.28254847645429365,
            0.15021459227467812,
            0.13636363636363635,
            0.11538461538461539,
            0.09263657957244656,
            0.12916666666666668,
            0.25073746312684364,
            0.29714285714285715,
            0.10123456790123457,
            0.13314447592067988,
            0.0691358024691358,
            0.09190371991247265,
            0.09408602150537634,
            0.12181303116147309,
            0.11444141689373297,
            0.04721030042918455,
            0.09319899244332494,
            0.03723404255319149,
            0.06304347826086956,
            0.07098765432098765,
            0.19480519480519481,
            0.1279527559055118,
            0.19487179487179487,
            0.25956284153005466,
            0.2631578947368421,
            0.22186495176848875,
            0.15292096219931273,
            0.25957446808510637,
            0.18929254302103252,
            0.13157894736842105,
            0.27522935779816515,
            0.252465483234714,
            0.10386965376782077,
            0.11899313501144165,
            0.23109243697478993,
            0.2353923205342237,
            0.18579234972677597,
            0.25072886297376096,
            0.2171945701357466,
            0.13884555382215288,
            0.2582781456953642,
            0.15018315018315018,
            0.16985138004246284,
            0.141747572815534,
            0.1447587354409318,
            0.1579961464354528,
            0.08957952468007313,
            0.21852387843704776,
            0.19039735099337748,
            0.09108910891089109,
            0.13869625520110956,
            0.13680781758957655,
            0.07067669172932331,
            0.16731517509727625,
            0.1928020565552699,
            0.11864406779661017,
            0.16052060737527116,
            0.26229508196721313,
            0.07947019867549669,
            0.0928030303030303,
            0.14864864864864866,
            0.20574162679425836,
            0.17647058823529413,
            0.03132530120481928,
            0.06359649122807018,
            0.1471698113207547,
            0.07518796992481203,
            0.20967741935483872,
            0.0970464135021097,
            0.21699819168173598,
            0.09937888198757763,
            0.10104529616724739,
            0.41292134831460675,
            0.20362903225806453,
            0.1921641791044776,
            0.33212996389891697,
            0.38545454545454544,
            0.22,
            0.3484375,
            0.4187380497131931,
            0.2732447817836812,
            0.23711340206185566,
            0.34576757532281205,
            0.21973094170403587,
            0.3229665071770335,
            0.35611510791366907,
            0.1828358208955224,
            0.30067567567567566,
            0.2897196261682243,
            0.24169741697416974,
            0.32890855457227136,
            0.33843797856049007,
            0.23539823008849559,
            0.22521008403361345,
            0.23603603603603604,
            0.24705882352941178,
            0.27980132450331124,
            0.16984732824427481,
            0.32053422370617696,
            0.2656514382402707,
            0.3896940418679549,
            0.2945205479452055,
            0.26995645863570394,
            0.30808080808080807,
            0.27860696517412936,
            0.24022346368715083,
            0.25165562913907286,
            0.2614942528735632,
            0.42017879948914433,
            0.28347826086956524,
            0.4215686274509804,
            0.24088748019017434,
            0.2579185520361991,
            0.3472727272727273,
            0.19785276073619631,
            0.3010033444816054,
            0.2580152671755725,
            0.27253218884120173,
            0.4140401146131805,
            0.2629757785467128,
            0.19750889679715303,
            0.22719141323792486,
            0.3546218487394958,
            0.3060200668896321,
            0.3666191155492154,
            0.27927927927927926,
            0.42410714285714285,
            0.2765273311897106,
            0.2236842105263158,
            0.2650273224043716,
            0.2809667673716012,
            0.23054755043227665,
            0.4946401225114854,
            0.1829652996845426,
            0.18962432915921287,
            0.23645320197044334,
            0.25464684014869887,
            0.2507788161993769,
            0.2985553772070626,
            0.24046434494195687,
            0.2021604938271605,
            0.29607250755287007,
            0.4155455904334828,
            0.32975460122699385,
            0.33559322033898303,
            0.2868632707774799,
            0.2547993019197208,
            0.1981651376146789,
            0.2590909090909091,
            0.2947882736156352,
            0.2503987240829346,
            0.23190789473684212,
            0.17670682730923695,
            0.2606707317073171,
            0.27807486631016043,
            0.23943661971830985,
            0.25137614678899084,
            0.20588235294117646,
            0.13372093023255813,
            0.1384928716904277,
            0.22377622377622378,
            0.19065420560747665,
            0.1814516129032258,
            0.2928416485900217,
            0.251063829787234,
            0.15732758620689655,
            0.22269807280513917,
            0.12931034482758622,
            0.17966903073286053,
            0.16241299303944315,
            0.17176470588235293,
            0.18386491557223264,
            0.1485148514851485,
            0.2046908315565032,
            0.17547169811320754,
            0.17716535433070865,
            0.1609442060085837,
            0.2222222222222222,
            0.26150121065375304,
            0.13026052104208416,
            0.189873417721519,
            0.17580340264650285,
            0.1934782608695652,
            0.20743639921722112,
            0.21153846153846154,
            0.22181818181818183,
            0.14849624060150377,
            0.2491349480968858,
            0.268348623853211,
            0.25660377358490566,
            0.18181818181818182,
            0.234375,
            0.206286836935167,
            0.18410041841004185,
            0.16856060606060605,
            0.12253829321663019,
            0.1926977687626775,
            0.2045929018789144,
            0.1736641221374046,
            0.18292682926829268,
            0.16926070038910507,
            0.12790697674418605,
            0.24611973392461198,
            0.25846702317290554,
            0.1752808988764045,
            0.19603960396039605,
            0.18550106609808104,
            0.4765625,
            0.20554272517321015,
            0.36574074074074076,
            0.39371534195933455,
            0.33507853403141363,
            0.38492063492063494,
            0.40765765765765766,
            0.2708333333333333,
            0.4041916167664671,
            0.7046413502109705,
            0.546031746031746,
            0.3726541554959786,
            0.27415730337078653,
            0.2930591259640103,
            0.3961352657004831,
            0.3255131964809384,
            0.4309133489461358,
            0.0625,
            0.0989399293286219,
            0.06224066390041494,
            0.08818635607321132,
            0.06697459584295612,
            0.09888059701492537,
            0.060362173038229376,
            0.08932038834951456,
            0.038696537678207736,
            0.07158836689038031,
            0.07124681933842239,
            0.08743169398907104,
            0.16470588235294117,
            0.2494172494172494,
            0.16461916461916462,
            0.23296703296703297,
            0.2732673267326733,
            0.2822085889570552,
            0.35294117647058826,
            0.23014256619144602,
            0.22142857142857142,
            0.2731707317073171,
            0.2736842105263158,
            0.19964028776978418,
            0.27139874739039666,
            0.3071253071253071,
            0.25815217391304346,
            0.18018018018018017,
            0.23779193205944799,
            0.2058165548098434,
            0.27710843373493976,
            0.24808184143222506,
            0.1437007874015748,
            0.251063829787234,
            0.12106537530266344,
            0.23956043956043957,
            0.20038910505836577,
            0.22606382978723405,
            0.3616557734204793,
            0.2342857142857143,
            0.14205607476635515,
            0.2604166666666667,
            0.3069544364508393,
            0.2755344418052256,
            0.15196998123827393,
            0.25,
            0.2819277108433735,
            0.1742857142857143,
            0.28316326530612246,
            0.16826923076923078,
            0.1783132530120482,
            0.20919540229885059,
            0.1921182266009852,
            0.37142857142857144,
            0.17058823529411765,
            0.25240384615384615,
            0.13507109004739337,
            0.3180778032036613,
            0.34915254237288135,
            0.3436426116838488,
            0.39880952380952384,
            0.44549763033175355,
            0.40748898678414097,
            0.460093896713615,
            0.3961038961038961,
            0.3465346534653465,
            0.3630434782608696,
            0.5148809523809523,
            0.3107569721115538,
            0.5247058823529411,
            0.43013100436681223,
            0.48008849557522126,
            0.47058823529411764,
            0.3808724832214765,
            0.41922290388548056,
            0.5069033530571992,
            0.27972027972027974,
            0.4294478527607362,
            0.4845360824742268,
            0.39436619718309857,
            0.5270588235294118,
            0.3266832917705736,
            0.45426829268292684,
            0.36182336182336183,
            0.412751677852349,
            0.43683083511777304,
            0.3031496062992126,
            0.358974358974359,
            0.49700598802395207,
            0.2869822485207101,
            0.3082901554404145,
            0.23471882640586797,
            0.3697674418604651,
            0.5082644628099173,
            0.2447418738049713,
            0.330188679245283,
            0.29132231404958675,
            0.5466666666666666,
            0.2926829268292683,
            0.7025316455696202,
            0.4902439024390244,
            0.3629283489096573,
            0.35040983606557374,
            0.44680851063829785,
            0.49671772428884026,
            0.44835164835164837,
            0.415,
            0.5771144278606966,
            0.5231316725978647,
            0.4540540540540541,
            0.4875444839857651,
            0.46774193548387094,
            0.49056603773584906,
            0.3617886178861789,
            0.5347043701799485,
            0.31773399014778325,
            0.43664717348927873,
            0.42962962962962964,
            0.5521885521885522,
            0.3709090909090909,
            0.4703196347031963,
            0.4738878143133462,
            0.4229390681003584,
            0.6453488372093024,
            0.43617021276595747,
            0.5017921146953405,
            0.481994459833795,
            0.23295454545454544,
            0.40663176265270506,
            0.48695652173913045,
            0.7694524495677233,
            0.525,
            0.4405594405594406,
            0.46215139442231074,
            0.6009389671361502,
            0.3996023856858847,
            0.5160142348754448,
            0.6802325581395349,
            0.5056433408577878,
            0.7005208333333334,
            0.4590643274853801,
            0.39082969432314413,
            0.346875,
            0.5498489425981873,
            0.5579514824797843,
            0.41621621621621624,
            0.4984894259818731,
            0.47674418604651164,
            0.562962962962963,
            0.4685598377281947,
            0.3680203045685279,
            0.3556085918854415,
            0.4278169014084507,
            0.42990654205607476,
            0.6366120218579235,
            0.5131578947368421,
            0.6636636636636637,
            0.6063829787234043,
            0.4444444444444444,
            0.8492647058823529,
            0.42857142857142855,
            0.458980044345898,
            0.512280701754386,
            0.46226415094339623,
            0.5668789808917197,
            0.30177514792899407,
            0.47285067873303166,
            0.4018264840182648,
            0.4472573839662447,
            0.45866666666666667,
            0.44036697247706424,
            0.47961630695443647,
            0.5088607594936709,
            0.48476454293628807,
            0.5220417633410673,
            0.33205374280230326,
            0.3938053097345133,
            0.2697095435684647,
            0.4428904428904429,
            0.3324742268041237,
            0.4952978056426332,
            0.45526315789473687,
            0.5230263157894737,
            0.4228723404255319,
            0.6842105263157895,
            0.43243243243243246,
            0.42355371900826444,
            0.6078431372549019,
            0.5504032258064516,
            0.7845804988662132,
            0.6227106227106227,
            0.3006993006993007,
            0.4748603351955307,
            0.5225,
            0.13454545454545455,
            0.17405063291139242,
            0.1434108527131783,
            0.05244755244755245,
            0.12355212355212356,
            0.11320754716981132,
            0.13486005089058525,
            0.15492957746478872,
            0.18181818181818182,
            0.15100671140939598,
            0.1323529411764706,
            0.13920454545454544,
            0.15963855421686746,
            0.13008130081300814,
            0.21227621483375958,
            0.15521628498727735,
            0.2014388489208633,
            0.14745308310991956,
            0.0891566265060241,
            0.11688311688311688,
            0.164021164021164,
            0.10784313725490197,
            0.24345549738219896,
            0.2563176895306859,
            0.10796915167095116,
            0.17318435754189945,
            0.22247706422018348,
            0.18493150684931506,
            0.221505376344086,
            0.18729096989966554,
            0.14035087719298245,
            0.22702702702702704,
            0.22994652406417113,
            0.13941018766756033,
            0.18950437317784258,
            0.1455223880597015,
            0.2222222222222222,
            0.15076923076923077,
            0.11262798634812286,
            0.20376175548589343,
            0.14933333333333335,
            0.11486486486486487,
            0.1501597444089457,
            0.17832167832167833,
            0.0975,
            0.18095238095238095,
            0.21791044776119403,
            0.11208791208791209,
            0.10297482837528604,
            0.09736842105263158,
            0.13949275362318841,
            0.08494208494208494,
            0.10714285714285714,
            0.17233009708737865,
            0.16296296296296298,
            0.1588785046728972,
            0.1934826883910387,
            0.1836734693877551,
            0.1450676982591876,
            0.12016293279022404,
            0.13451776649746192,
            0.2165991902834008,
            0.15644171779141106,
            0.20520231213872833,
            0.1569767441860465,
            0.09926470588235294,
            0.1774891774891775,
            0.23314606741573032,
            0.1875,
            0.08620689655172414,
            0.19114219114219114,
            0.22602739726027396,
            0.3132832080200501,
            0.29310344827586204,
            0.1225,
            0.2053941908713693,
            0.24008810572687225,
            0.18497109826589594,
            0.1445221445221445,
            0.07309941520467836,
            0.1623931623931624,
            0.15502183406113537,
            0.17625899280575538,
            0.10290237467018469,
            0.1311881188118812,
            0.08095238095238096,
            0.17166212534059946,
            0.20776255707762556,
            0.162217659137577,
            0.15856236786469344,
            0.2767527675276753,
            0.24285714285714285,
            0.1977077363896848,
            0.12083333333333333,
            0.23218997361477572,
            0.25161290322580643,
            0.10927835051546392,
            0.16129032258064516,
            0.1879049676025918,
            0.20113851992409867,
            0.1296928327645051,
            0.09864603481624758,
            0.1291866028708134,
            0.17699115044247787,
            0.22077922077922077,
            0.17349397590361446,
            0.15428571428571428,
            0.2772585669781931,
            0.17681159420289855,
            0.12470588235294118,
            0.13636363636363635,
            0.23306772908366533,
            0.11904761904761904,
            0.21956521739130436,
            0.2042755344418052,
            0.32,
            0.24262295081967214,
            0.2951388888888889,
            0.1941031941031941,
            0.2020618556701031,
            0.2174757281553398,
            0.19775280898876405,
            0.24660633484162897,
            0.27486437613019893,
            0.2877906976744186,
            0.12781954887218044,
            0.16312056737588654,
            0.26548672566371684,
            0.7392344497607656,
            0.21818181818181817,
            0.2894736842105263,
            0.24434389140271492,
            0.1786492374727669,
            0.1220159151193634,
            0.2299349240780911,
            0.1875,
            0.17105263157894737,
            0.2072892938496583,
            0.32838589981447125,
            0.2755344418052256,
            0.192,
            0.20178041543026706,
            0.3079922027290448,
            0.2937853107344633,
            0.26763990267639903,
            0.17857142857142858,
            0.29261363636363635,
            0.18141592920353983,
            0.1984732824427481,
            0.17519685039370078,
            0.16984732824427481,
            0.14227642276422764,
            0.16220735785953178,
            0.10964912280701754,
            0.24193548387096775,
            0.20766129032258066,
            0.18660287081339713,
            0.2848605577689243,
            0.22653061224489796,
            0.24742268041237114,
            0.24778761061946902,
            0.21428571428571427,
            0.25308641975308643,
            0.23394495412844038,
            0.13636363636363635,
            0.20284697508896798,
            0.15414258188824662,
            0.26905829596412556,
            0.09829867674858223,
            0.0481283422459893
        ]
    },
    {
        "Group": "Women",
        "Samples": 749,
        "WER Mean": 0.3568,
        "WER List": [
            0.425,
            0.29545454545454547,
            0.23170731707317074,
            0.17045454545454544,
            0.32558139534883723,
            0.22115384615384615,
            0.26881720430107525,
            0.13333333333333333,
            0.34057971014492755,
            0.2087912087912088,
            0.3467741935483871,
            0.345679012345679,
            0.34615384615384615,
            0.2191780821917808,
            0.22727272727272727,
            0.30434782608695654,
            0.37373737373737376,
            0.25,
            0.20192307692307693,
            0.1650485436893204,
            0.1780821917808219,
            0.2894736842105263,
            0.25757575757575757,
            0.21875,
            0.22,
            0.2191780821917808,
            0.5645161290322581,
            0.3684210526315789,
            0.23214285714285715,
            0.22857142857142856,
            0.45918367346938777,
            0.203125,
            0.36363636363636365,
            0.31,
            0.5853658536585366,
            0.40594059405940597,
            0.45263157894736844,
            0.4117647058823529,
            0.4230769230769231,
            0.42857142857142855,
            0.5147058823529411,
            0.2777777777777778,
            0.3815789473684211,
            0.24444444444444444,
            0.38317757009345793,
            0.2875,
            0.40625,
            0.4793814432989691,
            0.6551724137931034,
            0.4453125,
            0.5060240963855421,
            0.38461538461538464,
            0.7542372881355932,
            0.6688311688311688,
            0.7046979865771812,
            0.8198198198198198,
            0.7323943661971831,
            0.673469387755102,
            0.6458333333333334,
            0.36363636363636365,
            0.5147058823529411,
            0.6203703703703703,
            0.6971830985915493,
            0.6701030927835051,
            0.644927536231884,
            0.6576576576576577,
            0.7123287671232876,
            0.6470588235294118,
            0.6073619631901841,
            0.4205607476635514,
            0.7818181818181819,
            0.30666666666666664,
            0.5147058823529411,
            0.5581395348837209,
            0.3389830508474576,
            0.19736842105263158,
            0.13793103448275862,
            0.1774193548387097,
            0.19327731092436976,
            0.20930232558139536,
            0.17592592592592593,
            0.24210526315789474,
            0.14444444444444443,
            0.28125,
            0.1797752808988764,
            0.23157894736842105,
            0.17142857142857143,
            0.1941747572815534,
            0.308411214953271,
            0.18181818181818182,
            0.2777777777777778,
            0.2231404958677686,
            0.25396825396825395,
            0.17355371900826447,
            0.2391304347826087,
            0.23636363636363636,
            0.33043478260869563,
            0.1984126984126984,
            0.25517241379310346,
            0.2230769230769231,
            0.042735042735042736,
            0.17777777777777778,
            0.15517241379310345,
            0.26804123711340205,
            0.14953271028037382,
            0.04807692307692308,
            0.22962962962962963,
            0.13008130081300814,
            0.23728813559322035,
            0.21875,
            0.20238095238095238,
            0.23300970873786409,
            0.09803921568627451,
            0.07608695652173914,
            0.2846715328467153,
            0.2809917355371901,
            0.11827956989247312,
            0.2196969696969697,
            0.23076923076923078,
            0.1792452830188679,
            0.23853211009174313,
            0.30708661417322836,
            0.1391304347826087,
            0.43333333333333335,
            0.23728813559322035,
            0.2916666666666667,
            0.43478260869565216,
            0.41935483870967744,
            0.3076923076923077,
            0.2708333333333333,
            0.3709677419354839,
            0.2830188679245283,
            0.3448275862068966,
            0.27058823529411763,
            0.28169014084507044,
            0.36619718309859156,
            0.5555555555555556,
            0.3764705882352941,
            0.29411764705882354,
            0.4430379746835443,
            0.3684210526315789,
            0.32967032967032966,
            0.4431818181818182,
            0.3557692307692308,
            0.3333333333333333,
            0.4246575342465753,
            0.40860215053763443,
            0.3069306930693069,
            0.37209302325581395,
            0.32,
            0.3018867924528302,
            0.45569620253164556,
            0.3761467889908257,
            0.4126984126984127,
            0.3116883116883117,
            0.35714285714285715,
            0.3333333333333333,
            0.2857142857142857,
            0.42857142857142855,
            0.3048780487804878,
            0.42424242424242425,
            0.5377358490566038,
            0.37623762376237624,
            0.3786407766990291,
            0.3238095238095238,
            0.3333333333333333,
            0.2956521739130435,
            0.4117647058823529,
            0.3008849557522124,
            0.2087912087912088,
            0.5087719298245614,
            0.2631578947368421,
            0.23076923076923078,
            0.5164835164835165,
            0.3176470588235294,
            0.4457831325301205,
            0.2127659574468085,
            0.225,
            0.45263157894736844,
            0.40540540540540543,
            0.3625,
            0.38823529411764707,
            0.22608695652173913,
            0.41237113402061853,
            0.46875,
            0.3974358974358974,
            0.36764705882352944,
            0.3253012048192771,
            0.3563218390804598,
            0.3372093023255814,
            0.3391304347826087,
            0.4659090909090909,
            0.41379310344827586,
            0.6086956521739131,
            0.2777777777777778,
            0.28735632183908044,
            1.4857142857142858,
            0.3037974683544304,
            0.3711340206185567,
            0.4489795918367347,
            0.4230769230769231,
            0.3629032258064516,
            0.30851063829787234,
            0.42727272727272725,
            0.3333333333333333,
            0.5213675213675214,
            0.3958333333333333,
            0.3617021276595745,
            0.3669724770642202,
            0.2391304347826087,
            0.5053763440860215,
            0.2857142857142857,
            0.44565217391304346,
            0.25190839694656486,
            0.3140495867768595,
            0.20394736842105263,
            0.27218934911242604,
            0.31932773109243695,
            0.27884615384615385,
            0.29120879120879123,
            0.24444444444444444,
            0.2318840579710145,
            0.4426229508196721,
            0.21621621621621623,
            0.3247422680412371,
            0.3148148148148148,
            0.358695652173913,
            0.25806451612903225,
            0.2890625,
            0.32075471698113206,
            0.33070866141732286,
            0.42718446601941745,
            0.44,
            0.49295774647887325,
            0.18571428571428572,
            0.38461538461538464,
            0.2251655629139073,
            0.3983050847457627,
            0.2893081761006289,
            0.19047619047619047,
            0.37735849056603776,
            0.18292682926829268,
            0.3162393162393162,
            0.3950617283950617,
            0.4020618556701031,
            0.6103896103896104,
            0.37623762376237624,
            0.575,
            0.3764705882352941,
            0.23469387755102042,
            0.40404040404040403,
            0.3853658536585366,
            0.41284403669724773,
            0.532608695652174,
            0.30128205128205127,
            0.2803738317757009,
            0.3684210526315789,
            0.48854961832061067,
            0.32075471698113206,
            0.4175824175824176,
            0.36231884057971014,
            0.35374149659863946,
            0.32653061224489793,
            0.26,
            0.13186813186813187,
            0.08,
            0.2857142857142857,
            0.125,
            0.3582089552238806,
            0.26136363636363635,
            0.21551724137931033,
            0.15306122448979592,
            0.1414141414141414,
            0.10687022900763359,
            0.16312056737588654,
            0.16666666666666666,
            0.34146341463414637,
            0.3157894736842105,
            0.25842696629213485,
            0.25,
            0.1774193548387097,
            0.2619047619047619,
            0.2833333333333333,
            0.3466666666666667,
            0.30864197530864196,
            0.2608695652173913,
            0.1935483870967742,
            1.9555555555555555,
            0.22988505747126436,
            0.3333333333333333,
            0.2804878048780488,
            0.4567901234567901,
            0.3106796116504854,
            0.22093023255813954,
            0.20634920634920634,
            0.4939759036144578,
            0.1891891891891892,
            0.21739130434782608,
            0.23232323232323232,
            0.18055555555555555,
            0.2222222222222222,
            0.4647887323943662,
            0.3404255319148936,
            0.2828282828282828,
            0.40625,
            0.3424657534246575,
            0.15,
            0.3424657534246575,
            0.27586206896551724,
            0.2830188679245283,
            0.18032786885245902,
            0.2553191489361702,
            0.3333333333333333,
            0.21428571428571427,
            0.3392857142857143,
            0.3170731707317073,
            0.5555555555555556,
            0.3069306930693069,
            0.6097560975609756,
            0.20833333333333334,
            0.20491803278688525,
            0.1391304347826087,
            0.11864406779661017,
            0.12844036697247707,
            0.13043478260869565,
            0.23958333333333334,
            0.2826086956521739,
            0.17073170731707318,
            0.10891089108910891,
            0.16,
            0.09473684210526316,
            0.14285714285714285,
            0.22580645161290322,
            0.16304347826086957,
            0.1485148514851485,
            0.10476190476190476,
            0.17543859649122806,
            0.23423423423423423,
            0.18518518518518517,
            0.2755102040816326,
            0.18691588785046728,
            0.20535714285714285,
            0.13392857142857142,
            0.22,
            0.18072289156626506,
            0.23076923076923078,
            0.2894736842105263,
            0.17647058823529413,
            0.25,
            0.2830188679245283,
            0.3559322033898305,
            0.23478260869565218,
            0.30952380952380953,
            0.15384615384615385,
            0.24074074074074073,
            0.2545454545454545,
            0.2647058823529412,
            0.15702479338842976,
            0.23893805309734514,
            0.3185840707964602,
            0.3,
            0.19130434782608696,
            0.1919191919191919,
            0.26595744680851063,
            0.2857142857142857,
            0.125,
            0.3387096774193548,
            0.07142857142857142,
            0.6923076923076923,
            0.5789473684210527,
            0.5972222222222222,
            0.5555555555555556,
            0.5294117647058824,
            0.5362318840579711,
            0.5769230769230769,
            0.5,
            0.543859649122807,
            0.5567010309278351,
            0.5180722891566265,
            0.5641025641025641,
            0.5306122448979592,
            0.5535714285714286,
            0.32894736842105265,
            0.6091954022988506,
            0.5142857142857142,
            0.4148936170212766,
            0.5873015873015873,
            0.5529411764705883,
            0.5714285714285714,
            0.5362318840579711,
            0.7662337662337663,
            0.46236559139784944,
            0.6785714285714286,
            0.527027027027027,
            0.5164835164835165,
            0.631578947368421,
            0.611764705882353,
            0.6285714285714286,
            0.68,
            0.3333333333333333,
            0.5375,
            0.5268817204301075,
            0.6116504854368932,
            0.49230769230769234,
            0.4868421052631579,
            0.34146341463414637,
            0.32894736842105265,
            0.5076923076923077,
            0.3974358974358974,
            0.34146341463414637,
            0.5245901639344263,
            0.40860215053763443,
            0.32653061224489793,
            0.5384615384615384,
            0.49056603773584906,
            0.515625,
            0.5384615384615384,
            0.46835443037974683,
            0.7126436781609196,
            0.6351351351351351,
            0.64,
            0.6296296296296297,
            0.4383561643835616,
            0.6301369863013698,
            0.5853658536585366,
            0.5301204819277109,
            0.7654320987654321,
            0.7246376811594203,
            0.5617977528089888,
            0.7692307692307693,
            0.51,
            0.5384615384615384,
            0.6470588235294118,
            0.7093023255813954,
            0.631578947368421,
            0.5204081632653061,
            0.5666666666666667,
            0.7230769230769231,
            0.5822784810126582,
            0.5609756097560976,
            0.42424242424242425,
            0.4605263157894737,
            0.6341463414634146,
            0.7272727272727273,
            0.5581395348837209,
            0.2542372881355932,
            0.3402061855670103,
            0.5393258426966292,
            0.7415730337078652,
            0.4090909090909091,
            0.3188405797101449,
            0.7303370786516854,
            0.5454545454545454,
            0.5375,
            0.6410256410256411,
            0.5454545454545454,
            0.569620253164557,
            0.5930232558139535,
            0.5526315789473685,
            0.625,
            0.5,
            0.4318181818181818,
            0.4852941176470588,
            0.6164383561643836,
            0.543859649122807,
            0.5319148936170213,
            0.5,
            0.3875,
            0.7126436781609196,
            0.44594594594594594,
            0.5238095238095238,
            0.7380952380952381,
            0.18072289156626506,
            0.5471698113207547,
            0.31666666666666665,
            0.08333333333333333,
            0.08955223880597014,
            0.1206896551724138,
            0.06329113924050633,
            0.15789473684210525,
            0.11864406779661017,
            0.11267605633802817,
            0.08955223880597014,
            0.12162162162162163,
            0.058823529411764705,
            0.14925373134328357,
            0.1724137931034483,
            0.0945945945945946,
            0.2125,
            0.08,
            0.2875,
            0.2608695652173913,
            0.30120481927710846,
            0.23529411764705882,
            0.28735632183908044,
            0.22727272727272727,
            0.4166666666666667,
            0.5789473684210527,
            0.6521739130434783,
            0.325,
            0.4393939393939394,
            0.4367816091954023,
            0.22727272727272727,
            0.36486486486486486,
            0.336734693877551,
            0.4024390243902439,
            0.34408602150537637,
            0.3698630136986301,
            0.19736842105263158,
            0.22950819672131148,
            0.25,
            0.2289156626506024,
            0.3111111111111111,
            0.25806451612903225,
            0.23809523809523808,
            0.13095238095238096,
            0.24285714285714285,
            0.26136363636363635,
            0.32142857142857145,
            0.3522727272727273,
            0.2948717948717949,
            0.37272727272727274,
            0.6555555555555556,
            0.2804878048780488,
            0.3883495145631068,
            0.313953488372093,
            0.29,
            0.26744186046511625,
            0.3235294117647059,
            0.29213483146067415,
            0.30303030303030304,
            0.4186046511627907,
            0.3382352941176471,
            0.4803921568627451,
            0.2,
            0.3023255813953488,
            0.45555555555555555,
            0.323943661971831,
            0.611764705882353,
            0.3472222222222222,
            0.22535211267605634,
            0.2830188679245283,
            0.4268292682926829,
            0.2923076923076923,
            0.4657534246575342,
            0.45652173913043476,
            0.41935483870967744,
            0.3425925925925926,
            0.4158415841584158,
            0.6881720430107527,
            0.6,
            0.3979591836734694,
            0.3875,
            0.42168674698795183,
            2.5128205128205128,
            0.21428571428571427,
            0.35353535353535354,
            0.26595744680851063,
            0.6086956521739131,
            0.8548387096774194,
            0.3170731707317073,
            0.29545454545454547,
            0.2191780821917808,
            0.3978494623655914,
            2.1443298969072164,
            3.358974358974359,
            1.2467532467532467,
            0.5901639344262295,
            0.375,
            0.48717948717948717,
            0.5681818181818182,
            0.3950617283950617,
            0.4533333333333333,
            0.8181818181818182,
            0.3148148148148148,
            0.19090909090909092,
            0.34408602150537637,
            0.42857142857142855,
            0.25316455696202533,
            0.3103448275862069,
            0.38095238095238093,
            0.21348314606741572,
            0.23655913978494625,
            0.26436781609195403,
            0.3103448275862069,
            0.16091954022988506,
            0.423728813559322,
            0.2926829268292683,
            0.29411764705882354,
            0.35714285714285715,
            0.22105263157894736,
            0.2125,
            0.3333333333333333,
            0.2897196261682243,
            0.13253012048192772,
            0.29473684210526313,
            0.15384615384615385,
            0.18823529411764706,
            0.1076923076923077,
            0.18840579710144928,
            0.25675675675675674,
            0.19148936170212766,
            0.22388059701492538,
            0.3333333333333333,
            0.336734693877551,
            0.24285714285714285,
            0.2571428571428571,
            0.3488372093023256,
            0.3283582089552239,
            0.2,
            0.2602739726027397,
            0.20634920634920634,
            0.1702127659574468,
            0.32432432432432434,
            0.23170731707317074,
            0.23880597014925373,
            0.20512820512820512,
            0.4716981132075472,
            0.5,
            0.35,
            0.2625,
            0.6666666666666666,
            0.42592592592592593,
            0.375,
            0.23728813559322035,
            0.16279069767441862,
            0.31645569620253167,
            0.1414141414141414,
            0.2872340425531915,
            0.15476190476190477,
            0.4069767441860465,
            0.36046511627906974,
            0.3140495867768595,
            0.36486486486486486,
            0.375,
            0.25287356321839083,
            0.29,
            0.5673076923076923,
            0.030927835051546393,
            0.30434782608695654,
            0.4175824175824176,
            0.328,
            0.4205607476635514,
            0.59375,
            0.6,
            0.4142857142857143,
            0.16,
            0.3020833333333333,
            0.2345679012345679,
            0.15384615384615385,
            0.4383561643835616,
            0.42105263157894735,
            0.34523809523809523,
            0.1794871794871795,
            0.41836734693877553,
            0.3953488372093023,
            0.4842105263157895,
            0.41379310344827586,
            0.39436619718309857,
            0.358974358974359,
            0.3644067796610169,
            0.2682926829268293,
            0.3333333333333333,
            0.4,
            0.56,
            0.43478260869565216,
            0.9230769230769231,
            0.1956521739130435,
            0.4027777777777778,
            0.09278350515463918,
            0.1388888888888889,
            0.12790697674418605,
            0.06493506493506493,
            0.14814814814814814,
            0.18461538461538463,
            0.21839080459770116,
            0.1780821917808219,
            0.11267605633802817,
            0.22666666666666666,
            0.20270270270270271,
            0.2,
            0.13513513513513514,
            0.08196721311475409,
            0.18840579710144928,
            1.25,
            0.3333333333333333,
            0.4936708860759494,
            0.2463768115942029,
            0.2926829268292683,
            0.20430107526881722,
            0.23076923076923078,
            0.28846153846153844,
            0.7666666666666667,
            0.2898550724637681,
            0.15873015873015872,
            0.24675324675324675,
            0.2647058823529412,
            0.25316455696202533,
            0.24210526315789474,
            0.21794871794871795,
            0.3037974683544304,
            0.23728813559322035,
            0.14736842105263157,
            0.30120481927710846,
            0.10344827586206896,
            0.2545454545454545,
            0.14285714285714285,
            0.28378378378378377,
            0.18181818181818182,
            0.10714285714285714,
            0.23333333333333334,
            0.058823529411764705,
            0.2597402597402597,
            0.2033898305084746,
            0.13333333333333333,
            0.1375,
            0.0547945205479452,
            0.028169014084507043,
            0.0963855421686747,
            0.13432835820895522,
            0.10666666666666667,
            0.125,
            0.2878787878787879,
            0.17105263157894737,
            0.09876543209876543,
            0.08823529411764706,
            0.14285714285714285,
            0.07228915662650602,
            0.11764705882352941,
            0.1746031746031746,
            0.13333333333333333,
            0.22077922077922077,
            0.1,
            0.2978723404255319,
            0.234375,
            0.08974358974358974,
            0.18181818181818182,
            2.272727272727273,
            0.19318181818181818,
            1.3333333333333333,
            0.1,
            0.24,
            0.08333333333333333,
            0.14285714285714285,
            0.046875,
            0.20270270270270271,
            0.1111111111111111,
            0.0,
            0.2631578947368421
        ],
        "CER Mean": 0.2031,
        "CER List": [
            0.1642156862745098,
            0.12441314553990611,
            0.08530805687203792,
            0.05466970387243736,
            0.16856492027334852,
            0.13569937369519833,
            0.1412037037037037,
            0.06722689075630252,
            0.17164179104477612,
            0.12980769230769232,
            0.24110032362459546,
            0.13829787234042554,
            0.17894736842105263,
            0.07356948228882834,
            0.07836990595611286,
            0.1069364161849711,
            0.15294117647058825,
            0.08875739644970414,
            0.07079646017699115,
            0.09055118110236221,
            0.09090909090909091,
            0.1356382978723404,
            0.08682634730538923,
            0.09221902017291066,
            0.12373225152129817,
            0.08695652173913043,
            0.226775956284153,
            0.14736842105263157,
            0.0926517571884984,
            0.11310592459605028,
            0.2463768115942029,
            0.10492845786963434,
            0.15764705882352942,
            0.16030534351145037,
            0.35701906412478335,
            0.2045889101338432,
            0.18264014466546113,
            0.22606924643584522,
            0.261758691206544,
            0.30094043887147337,
            0.4338461538461538,
            0.12643678160919541,
            0.18765743073047858,
            0.09770114942528736,
            0.19301470588235295,
            0.09022556390977443,
            0.21766561514195584,
            0.2674897119341564,
            0.3588039867109635,
            0.265905383360522,
            0.3768472906403941,
            0.17010309278350516,
            0.4363327674023769,
            0.430635838150289,
            0.45217391304347826,
            0.4575971731448763,
            0.43601190476190477,
            0.42163661581137307,
            0.42035398230088494,
            0.14056224899598393,
            0.2732824427480916,
            0.32264150943396225,
            0.42097902097902096,
            0.39595959595959596,
            0.38235294117647056,
            0.4906716417910448,
            0.44129554655870445,
            0.42876165113182424,
            0.3527885862516213,
            0.24100719424460432,
            0.49019607843137253,
            0.09951456310679611,
            0.24054054054054055,
            0.3131067961165049,
            0.19626168224299065,
            0.10966057441253264,
            0.04678362573099415,
            0.06499261447562776,
            0.11764705882352941,
            0.08314087759815242,
            0.07130434782608695,
            0.10480349344978165,
            0.033734939759036145,
            0.13807531380753138,
            0.10067114093959731,
            0.12276785714285714,
            0.08548707753479125,
            0.055762081784386616,
            0.09576138147566719,
            0.08083140877598152,
            0.11982570806100218,
            0.10256410256410256,
            0.11620294599018004,
            0.07588532883642496,
            0.11894273127753303,
            0.08029197080291971,
            0.15263157894736842,
            0.07512520868113523,
            0.1636904761904762,
            0.08832807570977919,
            0.01694915254237288,
            0.10606060606060606,
            0.07962962962962963,
            0.09297520661157024,
            0.04844290657439446,
            0.017152658662092625,
            0.09333333333333334,
            0.05387205387205387,
            0.10835913312693499,
            0.10714285714285714,
            0.08736717827626919,
            0.0897887323943662,
            0.035849056603773584,
            0.022675736961451247,
            0.1460843373493976,
            0.13486842105263158,
            0.03908045977011494,
            0.08571428571428572,
            0.06927175843694494,
            0.07481751824817519,
            0.10956521739130434,
            0.11550632911392406,
            0.07475083056478406,
            0.33663366336633666,
            0.11597938144329897,
            0.13966480446927373,
            0.22686567164179106,
            0.23173277661795408,
            0.15694164989939638,
            0.18471337579617833,
            0.19169329073482427,
            0.15274949083503056,
            0.22172949002217296,
            0.15825688073394495,
            0.16137566137566137,
            0.16020671834625322,
            0.30155210643015523,
            0.1540130151843818,
            0.12815533980582525,
            0.20665083135391923,
            0.17092337917485265,
            0.23284823284823286,
            0.289532293986637,
            0.23473282442748092,
            0.18509615384615385,
            0.17073170731707318,
            0.25,
            0.16330645161290322,
            0.14416475972540047,
            0.16096579476861167,
            0.2051792828685259,
            0.2423580786026201,
            0.25444839857651247,
            0.24147727272727273,
            0.215,
            0.20449438202247192,
            0.15949367088607594,
            0.16393442622950818,
            0.23515439429928742,
            0.20588235294117646,
            0.2774566473988439,
            0.35727109515260325,
            0.22417153996101363,
            0.24615384615384617,
            0.19669117647058823,
            0.2036036036036036,
            0.17761989342806395,
            0.2982062780269058,
            0.15845070422535212,
            0.11655011655011654,
            0.3339130434782609,
            0.18238993710691823,
            0.14336917562724014,
            0.30196936542669583,
            0.2,
            0.30930232558139537,
            0.08676789587852494,
            0.10089686098654709,
            0.2600806451612903,
            0.20151133501259447,
            0.1873536299765808,
            0.2429245283018868,
            0.12115732368896925,
            0.24302788844621515,
            0.27672955974842767,
            0.20785219399538107,
            0.18591549295774648,
            0.17920353982300885,
            0.13179916317991633,
            0.25,
            0.21686746987951808,
            0.2191780821917808,
            0.2627906976744186,
            0.3425742574257426,
            0.171875,
            0.18895966029723993,
            1.2753246753246754,
            0.17411764705882352,
            0.20958083832335328,
            0.25390625,
            0.28388746803069054,
            0.2305084745762712,
            0.1601642710472279,
            0.2665441176470588,
            0.1773049645390071,
            0.3111111111111111,
            0.22448979591836735,
            0.17485265225933203,
            0.20689655172413793,
            0.11255411255411256,
            0.29777777777777775,
            0.12742382271468145,
            0.2346723044397463,
            0.11578947368421053,
            0.19633943427620631,
            0.0951048951048951,
            0.14444444444444443,
            0.1657848324514991,
            0.15769944341372913,
            0.14545454545454545,
            0.13615023474178403,
            0.1210762331838565,
            0.24382384532760473,
            0.11510791366906475,
            0.17245005257623555,
            0.15106117353308365,
            0.17547806524184478,
            0.13569937369519833,
            0.12283737024221453,
            0.16635859519408502,
            0.2003338898163606,
            0.24206349206349206,
            0.18269230769230768,
            0.2687224669603524,
            0.06844106463878327,
            0.23328785811732605,
            0.15855354659248957,
            0.1761467889908257,
            0.15604681404421328,
            0.08250355618776671,
            0.2010221465076661,
            0.09523809523809523,
            0.1537147736976943,
            0.2275132275132275,
            0.28297872340425534,
            0.3207070707070707,
            0.1988527724665392,
            0.2422907488986784,
            0.20100502512562815,
            0.1127659574468085,
            0.21666666666666667,
            0.2115971515768057,
            0.1828358208955224,
            0.330188679245283,
            0.1437994722955145,
            0.15151515151515152,
            0.1843501326259947,
            0.22840409956076135,
            0.14615384615384616,
            0.25462962962962965,
            0.16566265060240964,
            0.2170439414114514,
            0.17894736842105263,
            0.10301507537688442,
            0.06971677559912855,
            0.02564102564102564,
            0.15615615615615616,
            0.03723404255319149,
            0.1792452830188679,
            0.16393442622950818,
            0.10689655172413794,
            0.07983193277310924,
            0.05668016194331984,
            0.04725609756097561,
            0.04892086330935252,
            0.0724907063197026,
            0.16581632653061223,
            0.1506276150627615,
            0.07983193277310924,
            0.1032258064516129,
            0.0631911532385466,
            0.14523809523809525,
            0.13810316139767054,
            0.2702020202020202,
            0.22171945701357465,
            0.11359724612736662,
            0.07692307692307693,
            1.9243119266055047,
            0.15418502202643172,
            0.225531914893617,
            0.20048899755501223,
            0.23582766439909297,
            0.19813084112149532,
            0.15404040404040403,
            0.11026033690658499,
            0.2839506172839506,
            0.14411764705882352,
            0.14675767918088736,
            0.13855421686746988,
            0.09350649350649351,
            0.09923664122137404,
            0.216,
            0.13963039014373715,
            0.15432098765432098,
            0.218562874251497,
            0.16085790884718498,
            0.09283819628647215,
            0.18528610354223432,
            0.15211970074812967,
            0.13099041533546327,
            0.12032085561497326,
            0.14387464387464388,
            0.13747228381374724,
            0.10679611650485436,
            0.16608996539792387,
            0.19138755980861244,
            0.32061068702290074,
            0.15768463073852296,
            0.32009345794392524,
            0.1115702479338843,
            0.13286713286713286,
            0.0890909090909091,
            0.1042830540037244,
            0.07692307692307693,
            0.05922165820642978,
            0.13279678068410464,
            0.15789473684210525,
            0.09491525423728814,
            0.07647058823529412,
            0.08958333333333333,
            0.0398406374501992,
            0.06719367588932806,
            0.10851063829787234,
            0.07740585774058577,
            0.07663551401869159,
            0.0965391621129326,
            0.10238907849829351,
            0.14742451154529307,
            0.05650684931506849,
            0.09864603481624758,
            0.1085814360770578,
            0.1099290780141844,
            0.07228915662650602,
            0.10133843212237094,
            0.08571428571428572,
            0.11336032388663968,
            0.15384615384615385,
            0.11218568665377177,
            0.11839708561020036,
            0.16847826086956522,
            0.18697829716193656,
            0.1431159420289855,
            0.17478991596638654,
            0.0779467680608365,
            0.15399239543726237,
            0.14234234234234233,
            0.1556420233463035,
            0.08754208754208755,
            0.13937282229965156,
            0.1935483870967742,
            0.158,
            0.1111111111111111,
            0.11065573770491803,
            0.13137254901960785,
            0.1182108626198083,
            0.055984555984555984,
            0.1501597444089457,
            0.12643678160919541,
            0.37992831541218636,
            0.3,
            0.26287262872628725,
            0.32407407407407407,
            0.28532608695652173,
            0.2622549019607843,
            0.34558823529411764,
            0.30684931506849317,
            0.29856115107913667,
            0.31643002028397565,
            0.26666666666666666,
            0.3142857142857143,
            0.32461873638344224,
            0.3038461538461538,
            0.1649214659685864,
            0.3209302325581395,
            0.23353293413173654,
            0.2830188679245283,
            0.33055555555555555,
            0.28216704288939054,
            0.2984749455337691,
            0.29607250755287007,
            0.4729064039408867,
            0.2777777777777778,
            0.4426229508196721,
            0.28498727735368956,
            0.3456221198156682,
            0.35585585585585583,
            0.34517766497461927,
            0.37317784256559766,
            0.35459183673469385,
            0.18834080717488788,
            0.3681592039800995,
            0.3012295081967213,
            0.36162361623616235,
            0.29239766081871343,
            0.23482849604221637,
            0.17272727272727273,
            0.14728682170542637,
            0.33783783783783783,
            0.2216867469879518,
            0.14316239316239315,
            0.30718954248366015,
            0.23695652173913043,
            0.1417624521072797,
            0.24355300859598855,
            0.23684210526315788,
            0.3162393162393162,
            0.3069544364508393,
            0.29411764705882354,
            0.37530266343825663,
            0.3888888888888889,
            0.35149863760217986,
            0.3621867881548975,
            0.1891891891891892,
            0.3075060532687651,
            0.3383084577114428,
            0.32786885245901637,
            0.42630385487528344,
            0.41761363636363635,
            0.311340206185567,
            0.38768115942028986,
            0.2917505030181087,
            0.39090909090909093,
            0.36809815950920244,
            0.45647058823529413,
            0.38349514563106796,
            0.272,
            0.27631578947368424,
            0.4106145251396648,
            0.26763990267639903,
            0.2625570776255708,
            0.22123893805309736,
            0.26038781163434904,
            0.3887640449438202,
            0.4847161572052402,
            0.37203791469194314,
            0.15030674846625766,
            0.20119521912350596,
            0.3414043583535109,
            0.41402714932126694,
            0.2309124767225326,
            0.15384615384615385,
            0.3882863340563991,
            0.3440453686200378,
            0.3060747663551402,
            0.3960880195599022,
            0.2937062937062937,
            0.3348623853211009,
            0.32532751091703055,
            0.30198019801980197,
            0.2832369942196532,
            0.2553763440860215,
            0.2669683257918552,
            0.23035230352303523,
            0.36246786632390743,
            0.3105590062111801,
            0.2938689217758985,
            0.328537170263789,
            0.20594965675057209,
            0.437636761487965,
            0.2419753086419753,
            0.25820568927789933,
            0.47593582887700536,
            0.1073170731707317,
            0.3391304347826087,
            0.15548780487804878,
            0.04878048780487805,
            0.06111111111111111,
            0.04,
            0.02756892230576441,
            0.08048780487804878,
            0.09935897435897435,
            0.07692307692307693,
            0.04904632152588556,
            0.05721393034825871,
            0.04011461318051576,
            0.05413105413105413,
            0.07407407407407407,
            0.048223350253807105,
            0.08232445520581114,
            0.043689320388349516,
            0.1371571072319202,
            0.09615384615384616,
            0.1536697247706422,
            0.08851224105461393,
            0.13876651982378854,
            0.10082304526748971,
            0.20106761565836298,
            0.32151898734177214,
            0.3686534216335541,
            0.13972055888223553,
            0.20052770448548812,
            0.19506726457399104,
            0.11825192802056556,
            0.16941176470588235,
            0.11969111969111969,
            0.20787746170678337,
            0.183585313174946,
            0.17415730337078653,
            0.10344827586206896,
            0.09217877094972067,
            0.11904761904761904,
            0.11320754716981132,
            0.15234375,
            0.11498973305954825,
            0.1458966565349544,
            0.07801418439716312,
            0.13315926892950392,
            0.11160714285714286,
            0.1643192488262911,
            0.170995670995671,
            0.1687344913151365,
            0.22800718132854578,
            0.4225352112676056,
            0.1592505854800937,
            0.21830985915492956,
            0.1613588110403397,
            0.1686746987951807,
            0.17324561403508773,
            0.15313653136531366,
            0.16810344827586207,
            0.15776081424936386,
            0.23076923076923078,
            0.20273972602739726,
            0.3089770354906054,
            0.0973630831643002,
            0.11724137931034483,
            0.2033898305084746,
            0.18082191780821918,
            0.2860169491525424,
            0.18037135278514588,
            0.11731843575418995,
            0.1895910780669145,
            0.20194647201946472,
            0.10541310541310542,
            0.19047619047619047,
            0.20582120582120583,
            0.20242914979757085,
            0.1680161943319838,
            0.251063829787234,
            0.3920335429769392,
            0.32763532763532766,
            0.21272365805168986,
            0.18421052631578946,
            0.21739130434782608,
            2.344736842105263,
            0.09879518072289156,
            0.1945945945945946,
            0.14345114345114346,
            0.5317073170731708,
            0.638235294117647,
            0.15991471215351813,
            0.14439655172413793,
            0.0979498861047836,
            0.25971370143149286,
            1.8622881355932204,
            2.7480106100795756,
            0.871536523929471,
            0.29523809523809524,
            0.16099773242630386,
            0.25061425061425063,
            0.33832976445396146,
            0.2037914691943128,
            0.2356020942408377,
            0.5544554455445545,
            0.17405063291139242,
            0.1094017094017094,
            0.15187376725838264,
            0.24349881796690306,
            0.11294117647058824,
            0.13817330210772832,
            0.17278617710583152,
            0.08830022075055188,
            0.08768267223382047,
            0.13636363636363635,
            0.18309859154929578,
            0.08444444444444445,
            0.14792899408284024,
            0.18303571428571427,
            0.14285714285714285,
            0.23308270676691728,
            0.13333333333333333,
            0.08837209302325581,
            0.2132701421800948,
            0.1490125673249551,
            0.09375,
            0.12830957230142567,
            0.05263157894736842,
            0.1218274111675127,
            0.0718232044198895,
            0.1,
            0.09762532981530343,
            0.09583333333333334,
            0.11898016997167139,
            0.1623931623931624,
            0.16523605150214593,
            0.10886075949367088,
            0.14411764705882352,
            0.16806722689075632,
            0.14772727272727273,
            0.1043956043956044,
            0.12686567164179105,
            0.08761329305135952,
            0.12446351931330472,
            0.17135549872122763,
            0.13507625272331156,
            0.11320754716981132,
            0.10049019607843138,
            0.4046692607003891,
            0.3068181818181818,
            0.17579908675799086,
            0.10514018691588785,
            0.5606060606060606,
            0.19791666666666666,
            0.19618528610354224,
            0.11560693641618497,
            0.045454545454545456,
            0.17902813299232737,
            0.10947368421052632,
            0.12601626016260162,
            0.10471204188481675,
            0.23809523809523808,
            0.24839400428265523,
            0.15594855305466238,
            0.18925831202046037,
            0.21551724137931033,
            0.14541387024608501,
            0.162426614481409,
            0.3879781420765027,
            0.03529411764705882,
            0.13771186440677965,
            0.22988505747126436,
            0.19572368421052633,
            0.2730844793713163,
            0.35802469135802467,
            0.3287671232876712,
            0.23229461756373937,
            0.09210526315789473,
            0.17291666666666666,
            0.14039408866995073,
            0.072992700729927,
            0.2766990291262136,
            0.19646365422396855,
            0.2026431718061674,
            0.07537688442211055,
            0.1980392156862745,
            0.24472573839662448,
            0.2905027932960894,
            0.26558891454965355,
            0.22702702702702704,
            0.18829516539440203,
            0.2175379426644182,
            0.13986013986013987,
            0.21204188481675393,
            0.21529745042492918,
            0.2868217054263566,
            0.2953846153846154,
            0.45161290322580644,
            0.10491071428571429,
            0.18556701030927836,
            0.04233870967741935,
            0.08847184986595175,
            0.06733167082294264,
            0.04607046070460705,
            0.08232445520581114,
            0.09259259259259259,
            0.11637931034482758,
            0.10582010582010581,
            0.05,
            0.10638297872340426,
            0.136,
            0.10695187165775401,
            0.10606060606060606,
            0.06497175141242938,
            0.14697406340057637,
            1.0526315789473684,
            0.20270270270270271,
            0.18791946308724833,
            0.11479591836734694,
            0.15690866510538642,
            0.11693548387096774,
            0.12135922330097088,
            0.13740458015267176,
            0.515358361774744,
            0.1400560224089636,
            0.07530120481927711,
            0.17027027027027028,
            0.18497109826589594,
            0.15104166666666666,
            0.13247863247863248,
            0.14285714285714285,
            0.19302949061662197,
            0.14482758620689656,
            0.10307017543859649,
            0.1568627450980392,
            0.05868544600938967,
            0.1289198606271777,
            0.07692307692307693,
            0.17897727272727273,
            0.10491803278688525,
            0.07228915662650602,
            0.10752688172043011,
            0.022123893805309734,
            0.14646464646464646,
            0.17204301075268819,
            0.08776595744680851,
            0.05314009661835749,
            0.02564102564102564,
            0.021739130434782608,
            0.07589285714285714,
            0.061971830985915494,
            0.04157043879907621,
            0.0906801007556675,
            0.17721518987341772,
            0.12376237623762376,
            0.0684931506849315,
            0.08888888888888889,
            0.07563025210084033,
            0.026442307692307692,
            0.07159353348729793,
            0.08895705521472393,
            0.06666666666666667,
            0.1484375,
            0.10126582278481013,
            0.19583333333333333,
            0.11046511627906977,
            0.05263157894736842,
            0.11708860759493671,
            2.1117478510028653,
            0.1066350710900474,
            1.2700296735905046,
            0.03940886699507389,
            0.19008264462809918,
            0.046012269938650305,
            0.07096774193548387,
            0.027491408934707903,
            0.11343283582089553,
            0.0759493670886076,
            0.0,
            0.16847826086956522
        ]
    }
]