[
    {
        "Group": "Men",
        "Samples": 725,
        "WER Mean": 0.3803,
        "WER List": [
            1.0,
            0.17857142857142858,
            0.21052631578947367,
            0.35,
            0.15384615384615385,
            0.1875,
            0.1111111111111111,
            0.3466666666666667,
            0.3333333333333333,
            0.42857142857142855,
            0.26666666666666666,
            0.2,
            0.25,
            0.29411764705882354,
            0.0,
            0.1875,
            0.38095238095238093,
            0.4090909090909091,
            0.24,
            0.37037037037037035,
            0.2631578947368421,
            0.1875,
            0.13043478260869565,
            0.25862068965517243,
            0.26666666666666666,
            0.3157894736842105,
            0.23809523809523808,
            0.3684210526315789,
            11.774193548387096,
            0.45,
            0.0625,
            0.4666666666666667,
            0.9166666666666666,
            0.6,
            0.125,
            0.2608695652173913,
            0.17647058823529413,
            0.45,
            0.3181818181818182,
            1.125,
            0.17857142857142858,
            0.125,
            0.12903225806451613,
            0.2777777777777778,
            0.7368421052631579,
            0.23076923076923078,
            0.0,
            0.30357142857142855,
            0.47368421052631576,
            0.1951219512195122,
            0.37777777777777777,
            0.08333333333333333,
            0.22,
            0.25675675675675674,
            0.4090909090909091,
            0.17647058823529413,
            0.16176470588235295,
            0.09302325581395349,
            0.4461538461538462,
            0.2894736842105263,
            0.3563218390804598,
            0.17647058823529413,
            0.17045454545454544,
            0.3064516129032258,
            1.9782608695652173,
            0.22727272727272727,
            0.5,
            0.23232323232323232,
            0.45161290322580644,
            0.2391304347826087,
            0.2926829268292683,
            0.4406779661016949,
            0.29850746268656714,
            0.5590551181102362,
            0.2,
            0.4659090909090909,
            0.18181818181818182,
            0.3625,
            0.2153846153846154,
            0.16853932584269662,
            0.21621621621621623,
            0.22413793103448276,
            0.17391304347826086,
            0.375,
            0.15254237288135594,
            0.3023255813953488,
            0.32894736842105265,
            0.5094339622641509,
            0.3442622950819672,
            0.32727272727272727,
            0.14285714285714285,
            0.4857142857142857,
            0.21568627450980393,
            0.25,
            0.2602739726027397,
            0.11864406779661017,
            0.3442622950819672,
            0.044444444444444446,
            0.5147058823529411,
            0.44285714285714284,
            0.19444444444444445,
            0.20987654320987653,
            0.26881720430107525,
            0.4,
            0.16363636363636364,
            0.12121212121212122,
            0.3023255813953488,
            0.25882352941176473,
            0.32786885245901637,
            0.30434782608695654,
            0.1506849315068493,
            0.30434782608695654,
            0.15714285714285714,
            0.21568627450980393,
            0.1956521739130435,
            0.5333333333333333,
            0.3188405797101449,
            0.20833333333333334,
            0.30927835051546393,
            0.27380952380952384,
            0.8961038961038961,
            0.2826086956521739,
            0.3939393939393939,
            0.2717391304347826,
            0.3333333333333333,
            0.391304347826087,
            0.3076923076923077,
            0.2916666666666667,
            0.2413793103448276,
            0.18032786885245902,
            0.16216216216216217,
            0.2222222222222222,
            0.26744186046511625,
            0.12857142857142856,
            0.125,
            0.1780821917808219,
            0.18421052631578946,
            0.2987012987012987,
            0.3191489361702128,
            0.1111111111111111,
            0.21739130434782608,
            0.09090909090909091,
            0.15217391304347827,
            0.26229508196721313,
            0.29577464788732394,
            0.09876543209876543,
            0.19117647058823528,
            0.20588235294117646,
            0.1518987341772152,
            0.14285714285714285,
            0.2222222222222222,
            0.13432835820895522,
            0.18181818181818182,
            0.12857142857142856,
            0.1267605633802817,
            0.1,
            0.14285714285714285,
            0.3424657534246575,
            0.29591836734693877,
            0.35135135135135137,
            0.5,
            0.2857142857142857,
            0.4262295081967213,
            1.0,
            1.0,
            0.20388349514563106,
            0.4327485380116959,
            0.9925373134328358,
            0.4766355140186916,
            0.2222222222222222,
            0.2777777777777778,
            0.963963963963964,
            0.24242424242424243,
            0.5929203539823009,
            0.5067567567567568,
            0.4028776978417266,
            0.5083333333333333,
            0.36666666666666664,
            0.3706896551724138,
            0.35294117647058826,
            0.28,
            0.4112903225806452,
            0.21929824561403508,
            0.4336283185840708,
            0.6287878787878788,
            0.4878048780487805,
            0.4631578947368421,
            0.4276315789473684,
            0.18333333333333332,
            0.5116279069767442,
            0.33663366336633666,
            0.29545454545454547,
            0.4536082474226804,
            0.59375,
            0.1896551724137931,
            0.21212121212121213,
            0.12195121951219512,
            0.425,
            0.21212121212121213,
            0.33766233766233766,
            0.203125,
            0.22580645161290322,
            0.29333333333333333,
            0.19753086419753085,
            0.3333333333333333,
            0.1780821917808219,
            0.9325842696629213,
            0.20512820512820512,
            0.17391304347826086,
            0.40298507462686567,
            0.6979166666666666,
            0.3106796116504854,
            0.24390243902439024,
            0.38392857142857145,
            0.23595505617977527,
            0.21014492753623187,
            0.25961538461538464,
            0.19811320754716982,
            0.05555555555555555,
            0.2585034013605442,
            0.2109375,
            0.35,
            0.3333333333333333,
            0.15789473684210525,
            0.35,
            0.4326923076923077,
            0.14285714285714285,
            0.3380281690140845,
            0.38461538461538464,
            0.3445378151260504,
            0.17699115044247787,
            0.9911504424778761,
            0.35789473684210527,
            0.3504273504273504,
            0.25471698113207547,
            0.4166666666666667,
            0.19834710743801653,
            0.3225806451612903,
            0.20408163265306123,
            0.2465753424657534,
            0.2,
            0.29411764705882354,
            0.37719298245614036,
            0.27049180327868855,
            1.927007299270073,
            0.4012345679012346,
            0.336,
            0.48360655737704916,
            0.9776119402985075,
            0.19548872180451127,
            0.33636363636363636,
            0.1721311475409836,
            0.2807017543859649,
            0.3435114503816794,
            0.3111111111111111,
            0.5228758169934641,
            0.28688524590163933,
            0.21052631578947367,
            0.23387096774193547,
            1.0,
            0.4140625,
            0.375886524822695,
            0.3888888888888889,
            0.4375,
            0.3488372093023256,
            0.9921259842519685,
            0.3918918918918919,
            0.3435114503816794,
            0.9933774834437086,
            0.5971223021582733,
            0.2556390977443609,
            0.25,
            0.37815126050420167,
            0.24786324786324787,
            0.31007751937984496,
            0.2677165354330709,
            0.992,
            0.3515625,
            0.2803030303030303,
            0.4928571428571429,
            0.4418604651162791,
            0.4778761061946903,
            0.4413793103448276,
            0.44166666666666665,
            0.2571428571428571,
            0.18699186991869918,
            0.37398373983739835,
            0.319672131147541,
            0.25190839694656486,
            0.38,
            0.33858267716535434,
            0.4473684210526316,
            0.2868217054263566,
            0.26605504587155965,
            0.24074074074074073,
            0.5172413793103449,
            0.17708333333333334,
            0.2235294117647059,
            0.1941747572815534,
            0.22772277227722773,
            0.2696629213483146,
            0.20430107526881722,
            0.24719101123595505,
            0.3125,
            0.2727272727272727,
            0.3026315789473684,
            0.28205128205128205,
            0.28,
            0.2818181818181818,
            0.22727272727272727,
            0.3333333333333333,
            0.20388349514563106,
            0.25,
            0.30337078651685395,
            0.10810810810810811,
            0.20270270270270271,
            0.21649484536082475,
            0.18556701030927836,
            0.19811320754716982,
            0.27058823529411763,
            0.2826086956521739,
            0.1941747572815534,
            0.41237113402061853,
            0.17346938775510204,
            0.2636363636363636,
            0.44871794871794873,
            0.21359223300970873,
            0.3163265306122449,
            0.3191489361702128,
            0.22549019607843138,
            0.11702127659574468,
            0.2692307692307692,
            0.25,
            0.27472527472527475,
            0.31868131868131866,
            0.37272727272727274,
            0.32967032967032966,
            0.10204081632653061,
            0.23076923076923078,
            0.367816091954023,
            0.3490566037735849,
            0.2,
            0.09375,
            0.1978021978021978,
            0.5652173913043478,
            0.13253012048192772,
            0.5978260869565217,
            0.2672413793103448,
            0.3247863247863248,
            0.25663716814159293,
            0.98989898989899,
            0.26595744680851063,
            0.24324324324324326,
            0.5849056603773585,
            0.6714285714285714,
            0.14473684210526316,
            0.23157894736842105,
            0.27848101265822783,
            0.4827586206896552,
            0.18461538461538463,
            0.34444444444444444,
            0.3619047619047619,
            0.25,
            0.5111111111111111,
            0.49193548387096775,
            0.34831460674157305,
            0.34545454545454546,
            0.28,
            0.42857142857142855,
            0.2765957446808511,
            0.3176470588235294,
            0.4186046511627907,
            0.5376344086021505,
            0.4423076923076923,
            0.0875,
            0.02702702702702703,
            0.2222222222222222,
            0.20952380952380953,
            0.12631578947368421,
            0.22093023255813954,
            0.20618556701030927,
            0.09411764705882353,
            0.35365853658536583,
            0.29292929292929293,
            1.0,
            0.15463917525773196,
            0.14457831325301204,
            0.32432432432432434,
            0.3402061855670103,
            0.23076923076923078,
            0.23958333333333334,
            0.15,
            0.2073170731707317,
            0.08421052631578947,
            0.18181818181818182,
            0.09195402298850575,
            0.13131313131313133,
            0.18269230769230768,
            0.9629629629629629,
            0.1839080459770115,
            0.08653846153846154,
            0.11818181818181818,
            0.07368421052631578,
            0.11956521739130435,
            0.2823529411764706,
            0.09259259259259259,
            0.15294117647058825,
            0.10344827586206896,
            0.1111111111111111,
            0.18518518518518517,
            0.2826086956521739,
            0.15476190476190477,
            0.3020833333333333,
            0.036585365853658534,
            0.2777777777777778,
            0.06666666666666667,
            0.3333333333333333,
            0.18823529411764706,
            0.19318181818181818,
            0.2923076923076923,
            0.32727272727272727,
            0.4117647058823529,
            0.5609756097560976,
            0.30927835051546393,
            0.5164835164835165,
            0.3387096774193548,
            0.2716049382716049,
            0.375,
            0.5714285714285714,
            0.33962264150943394,
            0.5617977528089888,
            0.4897959183673469,
            0.8222222222222222,
            0.6545454545454545,
            0.45161290322580644,
            0.17142857142857143,
            0.5188679245283019,
            0.3709677419354839,
            0.3106796116504854,
            0.45569620253164556,
            0.36619718309859156,
            0.5268817204301075,
            0.5555555555555556,
            0.45454545454545453,
            0.5394736842105263,
            0.4032258064516129,
            0.44565217391304346,
            0.3211009174311927,
            0.19791666666666666,
            0.4807692307692308,
            0.3972602739726027,
            0.3614457831325301,
            0.20481927710843373,
            0.5747126436781609,
            0.4727272727272727,
            0.3592233009708738,
            0.3181818181818182,
            0.1523809523809524,
            0.5263157894736842,
            0.3333333333333333,
            0.5138888888888888,
            0.3977272727272727,
            0.3828125,
            0.3617021276595745,
            0.44565217391304346,
            0.7303370786516854,
            0.375,
            0.4090909090909091,
            0.5542168674698795,
            0.5740740740740741,
            0.4533333333333333,
            0.4918032786885246,
            0.4235294117647059,
            0.47297297297297297,
            0.33962264150943394,
            0.5662650602409639,
            0.4375,
            0.5882352941176471,
            0.46226415094339623,
            0.8524590163934426,
            0.5535714285714286,
            0.25609756097560976,
            0.6037735849056604,
            0.25862068965517243,
            0.5540540540540541,
            0.5616438356164384,
            0.6727272727272727,
            0.5416666666666666,
            0.17142857142857143,
            0.31451612903225806,
            0.5957446808510638,
            0.9,
            0.43902439024390244,
            0.5483870967741935,
            0.5,
            0.6785714285714286,
            0.41284403669724773,
            0.6065573770491803,
            0.7361111111111112,
            0.6428571428571429,
            0.5263157894736842,
            0.515625,
            0.4,
            0.36764705882352944,
            6.484375,
            0.5657894736842105,
            0.43636363636363634,
            0.4426229508196721,
            0.4857142857142857,
            0.6455696202531646,
            0.49514563106796117,
            0.47191011235955055,
            0.32954545454545453,
            0.5267857142857143,
            0.6774193548387096,
            0.5333333333333333,
            0.5,
            0.6811594202898551,
            0.7948717948717948,
            0.37142857142857144,
            0.6607142857142857,
            0.4157303370786517,
            0.449438202247191,
            0.576271186440678,
            0.4457831325301205,
            0.5230769230769231,
            0.3333333333333333,
            0.5760869565217391,
            0.2765957446808511,
            0.65625,
            0.3493975903614458,
            0.4523809523809524,
            0.5131578947368421,
            0.7397260273972602,
            0.5942028985507246,
            0.6629213483146067,
            0.35454545454545455,
            0.3564356435643564,
            0.22340425531914893,
            0.4588235294117647,
            0.4666666666666667,
            0.47692307692307695,
            0.5066666666666667,
            0.5263157894736842,
            0.5974025974025974,
            0.9142857142857143,
            0.44155844155844154,
            0.5148514851485149,
            0.6341463414634146,
            0.7156862745098039,
            0.7692307692307693,
            0.6078431372549019,
            1.0,
            0.4189189189189189,
            0.573170731707317,
            0.09615384615384616,
            0.11666666666666667,
            0.47058823529411764,
            0.17543859649122806,
            0.08695652173913043,
            0.175,
            0.25609756097560976,
            0.14545454545454545,
            0.07692307692307693,
            0.12903225806451613,
            0.07407407407407407,
            0.08823529411764706,
            0.19696969696969696,
            0.19718309859154928,
            0.4235294117647059,
            0.20253164556962025,
            0.22950819672131148,
            0.28205128205128205,
            0.18888888888888888,
            0.25396825396825395,
            0.375,
            0.07936507936507936,
            0.22972972972972974,
            0.288135593220339,
            0.07228915662650602,
            0.3235294117647059,
            0.3181818181818182,
            0.3684210526315789,
            0.11578947368421053,
            0.26666666666666666,
            0.19298245614035087,
            0.37142857142857144,
            0.22857142857142856,
            0.20270270270270271,
            0.20588235294117646,
            0.1346153846153846,
            0.17543859649122806,
            0.12121212121212122,
            0.12727272727272726,
            0.2,
            0.28169014084507044,
            0.057692307692307696,
            0.2909090909090909,
            0.19230769230769232,
            0.2962962962962963,
            0.23809523809523808,
            0.25,
            0.3106796116504854,
            0.8111111111111111,
            0.2077922077922078,
            0.45217391304347826,
            0.34545454545454546,
            0.2608695652173913,
            0.32558139534883723,
            0.46788990825688076,
            0.4594594594594595,
            0.3076923076923077,
            0.5818181818181818,
            0.45,
            0.39805825242718446,
            0.20987654320987653,
            0.17307692307692307,
            0.19402985074626866,
            0.2,
            0.3142857142857143,
            0.1568627450980392,
            0.2903225806451613,
            0.8055555555555556,
            0.12844036697247707,
            0.2247191011235955,
            0.4025974025974026,
            0.29545454545454547,
            0.36486486486486486,
            0.38235294117647056,
            1.0,
            0.13861386138613863,
            0.25274725274725274,
            0.23943661971830985,
            0.1643835616438356,
            0.16666666666666666,
            0.1791044776119403,
            0.9879518072289156,
            0.10091743119266056,
            0.9873417721518988,
            0.2261904761904762,
            0.16091954022988506,
            0.2972972972972973,
            0.1590909090909091,
            0.26732673267326734,
            0.21428571428571427,
            0.1415929203539823,
            0.22115384615384615,
            0.2714285714285714,
            0.13725490196078433,
            0.935064935064935,
            0.24719101123595505,
            0.1702127659574468,
            0.2755102040816326,
            0.43333333333333335,
            0.12,
            0.625,
            0.9705882352941176,
            3.6989247311827955,
            0.11666666666666667,
            0.27848101265822783,
            0.2261904761904762,
            0.18691588785046728,
            0.234375,
            0.3194444444444444,
            0.13580246913580246,
            0.2261904761904762,
            0.30434782608695654,
            0.11764705882352941,
            0.16091954022988506,
            0.28169014084507044,
            0.26744186046511625,
            0.3492063492063492,
            0.390625,
            0.12643678160919541,
            0.9565217391304348,
            0.9693877551020408,
            0.3157894736842105,
            0.1511627906976744,
            0.9901960784313726,
            0.9863013698630136,
            0.20833333333333334,
            0.31666666666666665,
            0.07368421052631578,
            0.9655172413793104,
            0.2191780821917808,
            0.29347826086956524,
            0.14893617021276595,
            0.12048192771084337,
            0.18571428571428572,
            0.46464646464646464,
            0.22535211267605634,
            0.12162162162162163,
            0.4065934065934066,
            0.9907407407407407,
            0.975609756097561,
            0.12643678160919541,
            0.323943661971831,
            0.23008849557522124,
            0.3119266055045872,
            0.24096385542168675,
            0.16666666666666666,
            0.3698630136986301,
            0.3103448275862069,
            0.1981981981981982,
            0.20388349514563106,
            0.9904761904761905,
            0.4326923076923077,
            0.9196428571428571,
            0.2631578947368421,
            0.2638888888888889,
            0.3191489361702128,
            0.28888888888888886,
            0.297029702970297,
            0.17525773195876287,
            0.21551724137931033,
            1.0,
            0.20300751879699247,
            0.20833333333333334,
            0.37037037037037035,
            0.2,
            0.9915254237288136,
            0.061224489795918366,
            0.14893617021276595,
            0.9711538461538461,
            0.19444444444444445
        ],
        "CER Mean": 0.2589,
        "CER List": [
            0.6219512195121951,
            0.07971014492753623,
            0.08602150537634409,
            0.17391304347826086,
            0.08064516129032258,
            0.0821917808219178,
            0.11363636363636363,
            0.16666666666666666,
            0.16981132075471697,
            0.18888888888888888,
            0.15172413793103448,
            0.046511627906976744,
            0.1016949152542373,
            0.1301775147928994,
            0.0,
            0.08333333333333333,
            0.08264462809917356,
            0.08333333333333333,
            0.17557251908396945,
            0.16417910447761194,
            0.1,
            0.10843373493975904,
            0.0873015873015873,
            0.0944055944055944,
            0.12056737588652482,
            0.23595505617977527,
            0.06666666666666667,
            0.10416666666666667,
            8.547169811320755,
            0.1792452830188679,
            0.0759493670886076,
            0.273972602739726,
            0.8387096774193549,
            0.38571428571428573,
            0.024096385542168676,
            0.09615384615384616,
            0.05917159763313609,
            0.2159090909090909,
            0.2549019607843137,
            0.7631578947368421,
            0.12121212121212122,
            0.1111111111111111,
            0.05755395683453238,
            0.05263157894736842,
            0.2815533980582524,
            0.10144927536231885,
            0.0,
            0.10037174721189591,
            0.30337078651685395,
            0.06666666666666667,
            0.3828125,
            0.03225806451612903,
            0.0989399293286219,
            0.11570247933884298,
            0.20052083333333334,
            0.09854014598540146,
            0.0664819944598338,
            0.07249466950959488,
            0.27325581395348836,
            0.1232876712328767,
            0.20187793427230047,
            0.09337349397590361,
            0.11538461538461539,
            0.22285714285714286,
            3.632,
            0.11157894736842106,
            0.25474254742547425,
            0.177734375,
            0.35135135135135137,
            0.11507936507936507,
            0.16707021791767554,
            0.4738675958188153,
            0.18862275449101795,
            0.4031496062992126,
            0.081145584725537,
            0.23541247484909456,
            0.11469534050179211,
            0.20098039215686275,
            0.05397727272727273,
            0.05991735537190083,
            0.059782608695652176,
            0.08895705521472393,
            0.05603448275862069,
            0.16580310880829016,
            0.08682634730538923,
            0.16079295154185022,
            0.11711711711711711,
            0.36981132075471695,
            0.11924119241192412,
            0.11217948717948718,
            0.08133971291866028,
            0.3929471032745592,
            0.12222222222222222,
            0.16101694915254236,
            0.15228426395939088,
            0.0375,
            0.15737704918032788,
            0.03347280334728033,
            0.3149171270718232,
            0.17506631299734748,
            0.07363420427553444,
            0.0997624703087886,
            0.1732776617954071,
            0.23595505617977527,
            0.047619047619047616,
            0.06172839506172839,
            0.15035799522673032,
            0.0851063829787234,
            0.12,
            0.13424657534246576,
            0.04640371229698376,
            0.1531791907514451,
            0.0664819944598338,
            0.11808118081180811,
            0.0872093023255814,
            0.4322033898305085,
            0.13720316622691292,
            0.08839779005524862,
            0.13333333333333333,
            0.19950124688279303,
            0.8773333333333333,
            0.13865546218487396,
            0.2697768762677485,
            0.1658653846153846,
            0.11290322580645161,
            0.2672413793103448,
            0.18181818181818182,
            0.10079575596816977,
            0.1048951048951049,
            0.12418300653594772,
            0.043478260869565216,
            0.09602649006622517,
            0.12211981566820276,
            0.04395604395604396,
            0.07801418439716312,
            0.12165450121654502,
            0.12839506172839507,
            0.21329639889196675,
            0.2145922746781116,
            0.03146853146853147,
            0.15897435897435896,
            0.04513064133016627,
            0.07083333333333333,
            0.15634218289085547,
            0.18857142857142858,
            0.024691358024691357,
            0.059490084985835696,
            0.07407407407407407,
            0.11159737417943107,
            0.053763440860215055,
            0.11898016997167139,
            0.04904632152588556,
            0.05150214592274678,
            0.07052896725440806,
            0.047872340425531915,
            0.03695652173913044,
            0.06790123456790123,
            0.19220779220779222,
            0.11614173228346457,
            0.15897435897435896,
            0.30601092896174864,
            0.03759398496240601,
            0.14469453376205788,
            0.9862542955326461,
            0.9893617021276596,
            0.08604206500956023,
            0.41626794258373206,
            0.9785932721712538,
            0.3767258382642998,
            0.12423625254582485,
            0.17848970251716248,
            0.9600840336134454,
            0.15358931552587646,
            0.46083788706739526,
            0.4037900874635568,
            0.26244343891402716,
            0.24648985959438377,
            0.19205298013245034,
            0.14285714285714285,
            0.16560509554140126,
            0.1553398058252427,
            0.3161397670549085,
            0.11368015414258188,
            0.26508226691042047,
            0.492040520984081,
            0.29635761589403975,
            0.29306930693069305,
            0.26629680998613037,
            0.09120521172638436,
            0.39398496240601505,
            0.19066147859922178,
            0.14395886889460155,
            0.3432203389830508,
            0.42516268980477223,
            0.1737704918032787,
            0.046357615894039736,
            0.056818181818181816,
            0.3416988416988417,
            0.18660287081339713,
            0.2980392156862745,
            0.03614457831325301,
            0.08114035087719298,
            0.1792452830188679,
            0.11090225563909774,
            0.23732718894009217,
            0.09282700421940929,
            0.9349005424954792,
            0.15527950310559005,
            0.059233449477351915,
            0.1853932584269663,
            0.6451612903225806,
            0.13059701492537312,
            0.12815884476534295,
            0.25636363636363635,
            0.084,
            0.128125,
            0.15296367112810708,
            0.11954459203036052,
            0.03436426116838488,
            0.17073170731707318,
            0.12705530642750373,
            0.2799043062200957,
            0.21942446043165467,
            0.07276119402985075,
            0.1875,
            0.17570093457943925,
            0.08118081180811808,
            0.20648967551622419,
            0.1807044410413476,
            0.18230088495575222,
            0.09915966386554621,
            0.9945945945945946,
            0.12745098039215685,
            0.19039735099337748,
            0.09351145038167939,
            0.22036727879799667,
            0.12521150592216582,
            0.19001610305958133,
            0.14383561643835616,
            0.15965166908563136,
            0.1632996632996633,
            0.13764510779436154,
            0.148975791433892,
            0.14403973509933773,
            1.6364942528735633,
            0.2848020434227331,
            0.17043478260869566,
            0.31699346405228757,
            0.9318541996830428,
            0.09502262443438914,
            0.17636363636363636,
            0.11042944785276074,
            0.12374581939799331,
            0.21221374045801528,
            0.16738197424892703,
            0.34813753581661894,
            0.14705882352941177,
            0.09074733096085409,
            0.07692307692307693,
            0.9932773109243698,
            0.2625418060200669,
            0.2810271041369472,
            0.21021021021021022,
            0.25,
            0.14630225080385853,
            0.993421052631579,
            0.22404371584699453,
            0.17220543806646527,
            0.9956772334293948,
            0.42725880551301687,
            0.14353312302839116,
            0.12701252236135957,
            0.20361247947454844,
            0.18401486988847585,
            0.19003115264797507,
            0.15248796147672553,
            0.9966832504145937,
            0.2191358024691358,
            0.15861027190332327,
            0.33183856502242154,
            0.21932515337423314,
            0.3593220338983051,
            0.19973190348525469,
            0.24956369982547993,
            0.12110091743119267,
            0.09545454545454546,
            0.2247557003257329,
            0.17065390749601275,
            0.14802631578947367,
            0.23493975903614459,
            0.22408536585365854,
            0.4385026737967914,
            0.14084507042253522,
            0.11559633027522936,
            0.10477941176470588,
            0.19186046511627908,
            0.09164969450101833,
            0.11888111888111888,
            0.1383177570093458,
            0.06653225806451613,
            0.13665943600867678,
            0.09574468085106383,
            0.16163793103448276,
            0.17987152034261242,
            0.11853448275862069,
            0.16548463356973994,
            0.16473317865429235,
            0.17647058823529413,
            0.14446529080675422,
            0.1707920792079208,
            0.15565031982942432,
            0.10566037735849057,
            0.13976377952755906,
            0.12446351931330472,
            0.056910569105691054,
            0.12106537530266344,
            0.13226452905811623,
            0.16033755274261605,
            0.07750472589792061,
            0.14565217391304347,
            0.18786692759295498,
            0.12884615384615383,
            0.1781818181818182,
            0.06203007518796992,
            0.12110726643598616,
            0.2981651376146789,
            0.11132075471698114,
            0.12450592885375494,
            0.14453125,
            0.11591355599214145,
            0.08577405857740586,
            0.15151515151515152,
            0.13129102844638948,
            0.1359026369168357,
            0.21085594989561587,
            0.28053435114503816,
            0.16056910569105692,
            0.07976653696498054,
            0.09496124031007752,
            0.17960088691796008,
            0.17290552584670232,
            0.14606741573033707,
            0.041584158415841586,
            0.0767590618336887,
            0.3125,
            0.09468822170900693,
            0.5555555555555556,
            0.19038817005545286,
            0.2513089005235602,
            0.15476190476190477,
            0.9977477477477478,
            0.19166666666666668,
            0.17065868263473055,
            0.5569620253164557,
            0.6,
            0.11796246648793565,
            0.20449438202247192,
            0.11053984575835475,
            0.35990338164251207,
            0.07624633431085044,
            0.3091334894613583,
            0.19301470588235295,
            0.05653710247349823,
            0.4896265560165975,
            0.41098169717138106,
            0.23094688221709006,
            0.1865671641791045,
            0.2152917505030181,
            0.36310679611650487,
            0.19144602851323828,
            0.22818791946308725,
            0.26208651399491095,
            0.36065573770491804,
            0.19215686274509805,
            0.0675990675990676,
            0.02702702702702703,
            0.09010989010989011,
            0.07326732673267326,
            0.1083844580777096,
            0.2023529411764706,
            0.1384928716904277,
            0.06190476190476191,
            0.17317073170731706,
            0.18105263157894738,
            0.987410071942446,
            0.11899791231732777,
            0.14004914004914004,
            0.20108695652173914,
            0.1981981981981982,
            0.18471337579617833,
            0.08277404921700224,
            0.15421686746987953,
            0.12531969309462915,
            0.06496062992125984,
            0.11914893617021277,
            0.0847457627118644,
            0.09230769230769231,
            0.17898832684824903,
            0.9601063829787234,
            0.18518518518518517,
            0.08190476190476191,
            0.07102803738317758,
            0.05625,
            0.11510791366906475,
            0.14251781472684086,
            0.0525328330206379,
            0.0825242718446602,
            0.07710843373493977,
            0.06571428571428571,
            0.09948979591836735,
            0.14903846153846154,
            0.05783132530120482,
            0.2597701149425287,
            0.03694581280788178,
            0.1261904761904762,
            0.03529411764705882,
            0.15625,
            0.0924170616113744,
            0.13043478260869565,
            0.19661016949152543,
            0.16151202749140894,
            0.22321428571428573,
            0.3933649289099526,
            0.22687224669603523,
            0.3286384976525822,
            0.22402597402597402,
            0.19554455445544555,
            0.24130434782608695,
            0.5505952380952381,
            0.2151394422310757,
            0.3764705882352941,
            0.34497816593886466,
            0.6924778761061947,
            0.3492647058823529,
            0.21308724832214765,
            0.12065439672801637,
            0.3609467455621302,
            0.21678321678321677,
            0.24130879345603273,
            0.35051546391752575,
            0.23661971830985915,
            0.36941176470588233,
            0.314214463840399,
            0.29878048780487804,
            0.24786324786324787,
            0.26174496644295303,
            0.23126338329764454,
            0.16929133858267717,
            0.15598290598290598,
            0.2435129740518962,
            0.21005917159763313,
            0.18134715025906736,
            0.07823960880195599,
            0.26744186046511625,
            0.3347107438016529,
            0.27151051625239003,
            0.20518867924528303,
            0.1446280991735537,
            0.38133333333333336,
            0.2578397212543554,
            0.49050632911392406,
            0.2804878048780488,
            0.278816199376947,
            0.2028688524590164,
            0.24893617021276596,
            0.4638949671772429,
            0.26373626373626374,
            0.2375,
            0.4651741293532338,
            0.40569395017793597,
            0.32432432432432434,
            0.33807829181494664,
            0.2626728110599078,
            0.2722371967654987,
            0.23577235772357724,
            0.3856041131105398,
            0.21674876847290642,
            0.3664717348927875,
            0.28703703703703703,
            0.6464646464646465,
            0.36363636363636365,
            0.21689497716894976,
            0.38684719535783363,
            0.20430107526881722,
            0.39825581395348836,
            0.3776595744680851,
            0.5304659498207885,
            0.3518005540166205,
            0.10227272727272728,
            0.2111692844677138,
            0.4,
            0.7204610951008645,
            0.345,
            0.3146853146853147,
            0.28286852589641437,
            0.4413145539906103,
            0.3359840954274354,
            0.39501779359430605,
            0.5697674418604651,
            0.4672686230248307,
            0.3697916666666667,
            0.3888888888888889,
            0.27292576419213976,
            0.24375,
            6.015105740181269,
            0.38274932614555257,
            0.3081081081081081,
            0.2628398791540785,
            0.3546511627906977,
            0.4419753086419753,
            0.3286004056795132,
            0.30456852791878175,
            0.19331742243436753,
            0.34330985915492956,
            0.4517133956386293,
            0.40437158469945356,
            0.3508771929824561,
            0.4984984984984985,
            0.5212765957446809,
            0.26426426426426425,
            0.4264705882352941,
            0.24824355971896955,
            0.3370288248337029,
            0.43859649122807015,
            0.33726415094339623,
            0.4554140127388535,
            0.20118343195266272,
            0.35294117647058826,
            0.1232876712328767,
            0.4240506329113924,
            0.232,
            0.41284403669724773,
            0.4316546762589928,
            0.48860759493670886,
            0.4487534626038781,
            0.5011600928074246,
            0.19961612284069097,
            0.29646017699115046,
            0.12240663900414937,
            0.2680652680652681,
            0.27319587628865977,
            0.329153605015674,
            0.35789473684210527,
            0.3256578947368421,
            0.4308510638297872,
            0.6432748538011696,
            0.32432432432432434,
            0.3450413223140496,
            0.39950980392156865,
            0.5483870967741935,
            0.5668934240362812,
            0.40293040293040294,
            0.9755244755244755,
            0.2346368715083799,
            0.3425,
            0.04363636363636364,
            0.07278481012658228,
            0.38372093023255816,
            0.08041958041958042,
            0.09266409266409266,
            0.0660377358490566,
            0.11959287531806616,
            0.05985915492957746,
            0.05371900826446281,
            0.07718120805369127,
            0.04411764705882353,
            0.04261363636363636,
            0.0783132530120482,
            0.0948509485094851,
            0.1867007672634271,
            0.10687022900763359,
            0.10071942446043165,
            0.13941018766756033,
            0.07951807228915662,
            0.12012987012987013,
            0.15079365079365079,
            0.0392156862745098,
            0.17801047120418848,
            0.17328519855595667,
            0.06426735218508997,
            0.22346368715083798,
            0.23394495412844038,
            0.2089041095890411,
            0.06451612903225806,
            0.12040133779264214,
            0.06315789473684211,
            0.23783783783783785,
            0.13368983957219252,
            0.09919571045576407,
            0.14285714285714285,
            0.13805970149253732,
            0.13620071684587814,
            0.09538461538461539,
            0.08532423208191127,
            0.20376175548589343,
            0.19733333333333333,
            0.05067567567567568,
            0.09584664536741214,
            0.055944055944055944,
            0.1625,
            0.05714285714285714,
            0.10746268656716418,
            0.12967032967032968,
            0.7643020594965675,
            0.0868421052631579,
            0.3496376811594203,
            0.2335907335907336,
            0.08035714285714286,
            0.1553398058252427,
            0.3388888888888889,
            0.28785046728971964,
            0.11608961303462322,
            0.45083487940630795,
            0.2978723404255319,
            0.29327902240325865,
            0.10152284263959391,
            0.07489878542510121,
            0.08895705521472393,
            0.07803468208092486,
            0.10755813953488372,
            0.051470588235294115,
            0.08874458874458875,
            0.7640449438202247,
            0.042279411764705885,
            0.07112068965517242,
            0.1888111888111888,
            0.2009132420091324,
            0.2681704260651629,
            0.21551724137931033,
            0.995,
            0.10995850622406639,
            0.12334801762114538,
            0.11849710982658959,
            0.055944055944055944,
            0.07894736842105263,
            0.09116809116809117,
            0.9978165938864629,
            0.08453237410071943,
            0.9973614775725593,
            0.10396039603960396,
            0.0880952380952381,
            0.20708446866485014,
            0.1278538812785388,
            0.10472279260780287,
            0.10993657505285412,
            0.1070110701107011,
            0.11632653061224489,
            0.19484240687679083,
            0.0625,
            0.9129287598944591,
            0.1827956989247312,
            0.10721649484536082,
            0.12096774193548387,
            0.24622030237580994,
            0.09297912713472485,
            0.6040955631399317,
            0.9264990328820116,
            3.028708133971292,
            0.07079646017699115,
            0.12727272727272726,
            0.13253012048192772,
            0.0761904761904762,
            0.11526479750778816,
            0.1391304347826087,
            0.04,
            0.07727272727272727,
            0.15737051792828685,
            0.047619047619047616,
            0.11521739130434783,
            0.15914489311163896,
            0.14947368421052631,
            0.1901639344262295,
            0.22395833333333334,
            0.08845208845208845,
            0.9525773195876288,
            0.9825242718446602,
            0.1842696629213483,
            0.09728506787330317,
            0.9855334538878843,
            0.9215116279069767,
            0.10150375939849623,
            0.16312056737588654,
            0.05752212389380531,
            0.7416267942583732,
            0.13766233766233765,
            0.14354066985645933,
            0.13574660633484162,
            0.054466230936819175,
            0.10079575596816977,
            0.3752711496746204,
            0.14945652173913043,
            0.05789473684210526,
            0.2642369020501139,
            0.9925788497217068,
            0.9049881235154394,
            0.11466666666666667,
            0.16023738872403562,
            0.1442495126705653,
            0.1713747645951036,
            0.1435523114355231,
            0.09598214285714286,
            0.23295454545454544,
            0.16371681415929204,
            0.13358778625954199,
            0.1279527559055118,
            0.9980916030534351,
            0.37398373983739835,
            0.9180602006688964,
            0.16447368421052633,
            0.16129032258064516,
            0.15524193548387097,
            0.1291866028708134,
            0.16533864541832669,
            0.11836734693877551,
            0.10996563573883161,
            0.9929203539823008,
            0.0935374149659864,
            0.09876543209876543,
            0.14908256880733944,
            0.07894736842105263,
            0.998220640569395,
            0.04046242774566474,
            0.10089686098654709,
            0.9697542533081286,
            0.058823529411764705
        ]
    },
    {
        "Group": "Women",
        "Samples": 749,
        "WER Mean": 0.317,
        "WER List": [
            0.45,
            0.38636363636363635,
            0.2926829268292683,
            0.36363636363636365,
            0.22093023255813954,
            0.3076923076923077,
            0.3763440860215054,
            0.2,
            0.9782608695652174,
            0.37362637362637363,
            0.5080645161290323,
            0.35802469135802467,
            0.24358974358974358,
            0.410958904109589,
            0.24242424242424243,
            0.5072463768115942,
            0.37373737373737376,
            0.48148148148148145,
            0.46153846153846156,
            0.3106796116504854,
            0.2602739726027397,
            0.5263157894736842,
            0.3484848484848485,
            0.28125,
            0.37,
            0.2328767123287671,
            0.3387096774193548,
            0.17543859649122806,
            0.19642857142857142,
            0.2571428571428571,
            0.37755102040816324,
            0.2109375,
            0.11363636363636363,
            0.13,
            0.4796747967479675,
            0.3564356435643564,
            0.4421052631578947,
            0.49019607843137253,
            0.33653846153846156,
            0.4444444444444444,
            0.38235294117647056,
            0.3055555555555556,
            0.4605263157894737,
            0.37777777777777777,
            0.2523364485981308,
            0.3,
            0.421875,
            0.6134020618556701,
            0.3448275862068966,
            0.4765625,
            0.4578313253012048,
            0.38461538461538464,
            0.7033898305084746,
            0.37012987012987014,
            0.7718120805369127,
            0.5495495495495496,
            0.4788732394366197,
            0.5714285714285714,
            0.5486111111111112,
            0.37373737373737376,
            0.4117647058823529,
            0.5370370370370371,
            0.7535211267605634,
            0.9690721649484536,
            0.7028985507246377,
            0.6216216216216216,
            0.863013698630137,
            0.7516339869281046,
            0.49079754601226994,
            0.897196261682243,
            0.509090909090909,
            0.18666666666666668,
            0.25,
            0.19767441860465115,
            0.3220338983050847,
            0.17105263157894737,
            0.2413793103448276,
            0.5887096774193549,
            0.453781512605042,
            0.2558139534883721,
            0.35185185185185186,
            0.3368421052631579,
            0.2222222222222222,
            0.23958333333333334,
            0.3258426966292135,
            0.24210526315789474,
            0.37142857142857144,
            0.20388349514563106,
            0.37383177570093457,
            0.3116883116883117,
            0.3333333333333333,
            0.7520661157024794,
            0.49206349206349204,
            0.6528925619834711,
            0.21739130434782608,
            0.44545454545454544,
            0.3217391304347826,
            0.5,
            0.503448275862069,
            0.4307692307692308,
            0.17094017094017094,
            0.2777777777777778,
            0.3620689655172414,
            0.3402061855670103,
            0.4392523364485981,
            0.40384615384615385,
            0.6,
            0.3821138211382114,
            0.423728813559322,
            0.484375,
            0.7976190476190477,
            0.3883495145631068,
            0.3627450980392157,
            0.2391304347826087,
            0.5474452554744526,
            0.5289256198347108,
            0.3225806451612903,
            0.5454545454545454,
            0.3942307692307692,
            0.3867924528301887,
            0.3211009174311927,
            0.5354330708661418,
            0.391304347826087,
            0.6777777777777778,
            0.1016949152542373,
            0.4305555555555556,
            0.43478260869565216,
            0.26881720430107525,
            0.2087912087912088,
            0.3229166666666667,
            0.3225806451612903,
            0.22641509433962265,
            1.0,
            0.21176470588235294,
            0.38028169014084506,
            0.22535211267605634,
            0.25555555555555554,
            0.36470588235294116,
            0.13725490196078433,
            0.34177215189873417,
            0.1368421052631579,
            0.2857142857142857,
            0.38636363636363635,
            0.27884615384615385,
            0.24358974358974358,
            0.2602739726027397,
            0.20430107526881722,
            0.27722772277227725,
            0.12790697674418605,
            0.32,
            0.2169811320754717,
            0.43037974683544306,
            0.29357798165137616,
            0.2857142857142857,
            0.37662337662337664,
            0.34523809523809523,
            0.25,
            0.3142857142857143,
            0.35714285714285715,
            0.32926829268292684,
            0.32323232323232326,
            0.42452830188679247,
            0.32673267326732675,
            0.2912621359223301,
            0.24761904761904763,
            0.3523809523809524,
            0.3391304347826087,
            0.35294117647058826,
            0.2831858407079646,
            0.18681318681318682,
            0.4473684210526316,
            0.28421052631578947,
            0.20512820512820512,
            0.2967032967032967,
            0.4117647058823529,
            0.3373493975903614,
            0.23404255319148937,
            0.1375,
            0.42105263157894735,
            0.32432432432432434,
            0.35,
            0.2823529411764706,
            0.26956521739130435,
            0.3711340206185567,
            0.3854166666666667,
            0.1282051282051282,
            0.27941176470588236,
            0.3253012048192771,
            0.2988505747126437,
            0.3372093023255814,
            0.3739130434782609,
            0.26136363636363635,
            0.367816091954023,
            0.4673913043478261,
            0.2361111111111111,
            0.25287356321839083,
            1.1571428571428573,
            0.21518987341772153,
            0.30927835051546393,
            0.42857142857142855,
            0.32051282051282054,
            0.3064516129032258,
            0.2553191489361702,
            0.38181818181818183,
            0.27586206896551724,
            0.3504273504273504,
            0.3125,
            0.35106382978723405,
            0.3669724770642202,
            0.29347826086956524,
            0.34408602150537637,
            0.11428571428571428,
            0.33695652173913043,
            0.8778625954198473,
            0.17355371900826447,
            0.3355263157894737,
            0.3905325443786982,
            0.9747899159663865,
            0.25961538461538464,
            0.42857142857142855,
            1.0,
            0.21014492753623187,
            0.5081967213114754,
            0.09009009009009009,
            0.5927835051546392,
            0.5617283950617284,
            0.6032608695652174,
            0.989247311827957,
            0.28125,
            0.3018867924528302,
            0.2677165354330709,
            0.7961165048543689,
            0.432,
            0.6549295774647887,
            0.6047619047619047,
            0.2937062937062937,
            0.3576158940397351,
            0.2796610169491525,
            0.41509433962264153,
            0.35374149659863946,
            0.32075471698113206,
            0.0975609756097561,
            0.6538461538461539,
            0.41975308641975306,
            0.3402061855670103,
            0.38961038961038963,
            1.0,
            0.3125,
            0.32941176470588235,
            0.2755102040816326,
            0.2828282828282828,
            0.751219512195122,
            0.27522935779816515,
            0.34782608695652173,
            0.42948717948717946,
            0.21495327102803738,
            0.5197368421052632,
            0.9923664122137404,
            0.9622641509433962,
            0.3956043956043956,
            0.2608695652173913,
            0.4489795918367347,
            0.23469387755102042,
            0.3933333333333333,
            0.10989010989010989,
            0.24,
            0.30357142857142855,
            0.175,
            0.16417910447761194,
            0.2840909090909091,
            0.5086206896551724,
            0.9897959183673469,
            0.2222222222222222,
            0.3969465648854962,
            0.5106382978723404,
            0.5526315789473685,
            0.17073170731707318,
            1.0,
            0.1797752808988764,
            0.375,
            0.41935483870967744,
            0.2619047619047619,
            0.36666666666666664,
            0.3333333333333333,
            0.3333333333333333,
            0.4260869565217391,
            0.27956989247311825,
            0.9666666666666667,
            0.3333333333333333,
            0.30303030303030304,
            0.3170731707317073,
            0.4074074074074074,
            0.33980582524271846,
            0.23255813953488372,
            0.3968253968253968,
            0.3614457831325301,
            0.22972972972972974,
            0.991304347826087,
            0.15151515151515152,
            0.1527777777777778,
            0.1527777777777778,
            0.29577464788732394,
            0.2127659574468085,
            0.16161616161616163,
            0.125,
            0.1232876712328767,
            0.1625,
            0.1232876712328767,
            0.12643678160919541,
            0.18867924528301888,
            0.19672131147540983,
            0.3333333333333333,
            0.20987654320987653,
            0.07142857142857142,
            0.07142857142857142,
            0.12195121951219512,
            0.3611111111111111,
            0.5643564356435643,
            0.3048780487804878,
            0.23958333333333334,
            0.18032786885245902,
            0.1391304347826087,
            0.17796610169491525,
            0.22018348623853212,
            0.26956521739130435,
            0.1875,
            0.2608695652173913,
            0.2032520325203252,
            0.15841584158415842,
            0.15,
            0.08421052631578947,
            0.16326530612244897,
            0.1935483870967742,
            0.11956521739130435,
            0.18811881188118812,
            0.9428571428571428,
            0.19298245614035087,
            0.22522522522522523,
            0.24074074074074073,
            0.08163265306122448,
            0.14018691588785046,
            0.19642857142857142,
            0.13392857142857142,
            0.21,
            0.07228915662650602,
            0.17582417582417584,
            0.21929824561403508,
            0.16666666666666666,
            0.18269230769230768,
            0.16037735849056603,
            0.2627118644067797,
            0.21739130434782608,
            0.3333333333333333,
            0.17307692307692307,
            0.23148148148148148,
            0.21818181818181817,
            0.27450980392156865,
            0.18181818181818182,
            0.1415929203539823,
            0.22123893805309736,
            0.22,
            1.0,
            0.2222222222222222,
            0.19148936170212766,
            0.3392857142857143,
            0.17708333333333334,
            0.5161290322580645,
            0.2857142857142857,
            0.34615384615384615,
            0.40350877192982454,
            0.9305555555555556,
            0.4126984126984127,
            0.4411764705882353,
            0.2898550724637681,
            0.5256410256410257,
            0.2857142857142857,
            0.2807017543859649,
            0.36082474226804123,
            0.25301204819277107,
            0.20512820512820512,
            0.25510204081632654,
            0.16071428571428573,
            0.2236842105263158,
            0.5172413793103449,
            0.2,
            0.24468085106382978,
            0.4126984126984127,
            0.4117647058823529,
            0.3626373626373626,
            0.2463768115942029,
            0.5714285714285714,
            0.34408602150537637,
            0.4166666666666667,
            0.35135135135135137,
            0.37362637362637363,
            0.29473684210526313,
            0.3411764705882353,
            0.34285714285714286,
            0.32,
            0.041666666666666664,
            0.4625,
            0.24731182795698925,
            0.39805825242718446,
            0.26153846153846155,
            0.3157894736842105,
            0.17073170731707318,
            0.14473684210526316,
            0.46153846153846156,
            0.3076923076923077,
            0.2804878048780488,
            0.3114754098360656,
            0.45161290322580644,
            0.20408163265306123,
            0.35384615384615387,
            0.25471698113207547,
            0.359375,
            0.34615384615384615,
            0.3037974683544304,
            0.39080459770114945,
            0.2972972972972973,
            0.16,
            0.32098765432098764,
            0.1917808219178082,
            0.3287671232876712,
            0.3048780487804878,
            0.42168674698795183,
            0.9876543209876543,
            0.3333333333333333,
            0.3146067415730337,
            0.19230769230769232,
            0.31,
            0.38461538461538464,
            0.3088235294117647,
            0.5116279069767442,
            0.32894736842105265,
            0.22448979591836735,
            0.43333333333333335,
            0.47692307692307695,
            0.34177215189873417,
            0.524390243902439,
            0.3181818181818182,
            0.2894736842105263,
            0.32926829268292684,
            0.5454545454545454,
            0.38372093023255816,
            0.2711864406779661,
            0.9896907216494846,
            0.30337078651685395,
            0.4044943820224719,
            0.38181818181818183,
            0.21739130434782608,
            0.4044943820224719,
            0.36363636363636365,
            0.375,
            0.3076923076923077,
            0.2727272727272727,
            0.31645569620253167,
            0.313953488372093,
            0.21052631578947367,
            0.2638888888888889,
            0.17105263157894737,
            0.3181818181818182,
            0.4264705882352941,
            0.2876712328767123,
            0.17543859649122806,
            0.2765957446808511,
            0.25,
            0.275,
            0.41379310344827586,
            0.3108108108108108,
            0.4166666666666667,
            0.5952380952380952,
            0.1927710843373494,
            0.9245283018867925,
            0.95,
            0.027777777777777776,
            0.1044776119402985,
            0.1206896551724138,
            0.21518987341772153,
            0.19736842105263158,
            0.2711864406779661,
            0.14084507042253522,
            0.31343283582089554,
            0.25675675675675674,
            0.16176470588235295,
            0.34328358208955223,
            0.27586206896551724,
            0.02702702702702703,
            0.1125,
            0.02666666666666667,
            0.9625,
            0.30434782608695654,
            0.14457831325301204,
            0.30392156862745096,
            0.20689655172413793,
            0.13636363636363635,
            0.4074074074074074,
            0.25,
            0.2717391304347826,
            0.45,
            0.22727272727272727,
            0.41379310344827586,
            0.13636363636363635,
            0.21621621621621623,
            0.3469387755102041,
            0.15853658536585366,
            0.16129032258064516,
            0.2328767123287671,
            0.14473684210526316,
            0.16393442622950818,
            0.19318181818181818,
            0.21686746987951808,
            0.2,
            0.22580645161290322,
            0.1111111111111111,
            0.05952380952380952,
            0.18571428571428572,
            0.09090909090909091,
            0.13095238095238096,
            0.3181818181818182,
            0.07692307692307693,
            0.41818181818181815,
            0.34444444444444444,
            0.08536585365853659,
            0.3300970873786408,
            0.23255813953488372,
            0.17,
            0.22093023255813954,
            0.20588235294117646,
            0.12359550561797752,
            0.18181818181818182,
            0.27906976744186046,
            0.2647058823529412,
            0.3137254901960784,
            0.07777777777777778,
            0.23255813953488372,
            0.07777777777777778,
            0.11267605633802817,
            0.3058823529411765,
            0.2916666666666667,
            0.16901408450704225,
            0.5849056603773585,
            0.2682926829268293,
            0.16923076923076924,
            0.136986301369863,
            0.2717391304347826,
            0.23655913978494625,
            0.12037037037037036,
            0.15841584158415842,
            0.43010752688172044,
            0.36,
            0.20408163265306123,
            0.225,
            0.27710843373493976,
            0.9615384615384616,
            0.19047619047619047,
            0.32323232323232326,
            0.32978723404255317,
            0.991304347826087,
            0.7741935483870968,
            0.2926829268292683,
            0.18181818181818182,
            0.1232876712328767,
            0.17204301075268819,
            0.9587628865979382,
            1.064102564102564,
            1.2597402597402598,
            0.32786885245901637,
            0.18181818181818182,
            0.2692307692307692,
            0.32954545454545453,
            0.30864197530864196,
            0.25333333333333335,
            0.5,
            0.4074074074074074,
            0.19090909090909092,
            0.5268817204301075,
            0.15476190476190477,
            0.11392405063291139,
            0.12643678160919541,
            0.09523809523809523,
            0.1797752808988764,
            0.11827956989247312,
            0.22988505747126436,
            0.10344827586206896,
            0.06896551724137931,
            0.06779661016949153,
            0.23170731707317074,
            0.22058823529411764,
            0.17857142857142858,
            0.12631578947368421,
            0.2125,
            0.26666666666666666,
            0.18691588785046728,
            0.04819277108433735,
            0.2,
            0.16666666666666666,
            0.15294117647058825,
            0.12307692307692308,
            0.2028985507246377,
            0.13513513513513514,
            0.0425531914893617,
            0.22388059701492538,
            0.14492753623188406,
            0.12244897959183673,
            0.07142857142857142,
            0.22857142857142856,
            0.20930232558139536,
            0.11940298507462686,
            0.1,
            0.273972602739726,
            0.047619047619047616,
            0.2127659574468085,
            0.16216216216216217,
            0.13414634146341464,
            0.23880597014925373,
            0.21794871794871795,
            0.3018867924528302,
            0.3333333333333333,
            0.1,
            0.175,
            0.26666666666666666,
            0.2037037037037037,
            0.25,
            0.2711864406779661,
            0.03488372093023256,
            0.13924050632911392,
            0.26262626262626265,
            0.05319148936170213,
            0.2619047619047619,
            0.18604651162790697,
            0.2441860465116279,
            0.24793388429752067,
            0.16216216216216217,
            0.14772727272727273,
            0.28735632183908044,
            0.3,
            0.4230769230769231,
            0.030927835051546393,
            0.2717391304347826,
            0.1978021978021978,
            0.2,
            0.37383177570093457,
            0.375,
            0.23636363636363636,
            0.4142857142857143,
            0.08,
            0.25,
            0.43209876543209874,
            0.038461538461538464,
            0.3835616438356164,
            0.37894736842105264,
            0.23809523809523808,
            0.1282051282051282,
            0.14285714285714285,
            0.3023255813953488,
            0.28421052631578947,
            0.3218390804597701,
            0.29577464788732394,
            0.24358974358974358,
            0.15254237288135594,
            0.47560975609756095,
            0.04,
            0.3076923076923077,
            0.49333333333333335,
            0.13043478260869565,
            0.5384615384615384,
            0.14130434782608695,
            0.2222222222222222,
            0.0,
            0.125,
            0.08139534883720931,
            0.12987012987012986,
            0.07407407407407407,
            0.13846153846153847,
            0.19540229885057472,
            0.1917808219178082,
            0.15492957746478872,
            0.26666666666666666,
            0.21621621621621623,
            0.12857142857142856,
            0.12162162162162163,
            0.18032786885245902,
            0.17391304347826086,
            1.0,
            0.14814814814814814,
            0.3670886075949367,
            0.13043478260869565,
            0.07317073170731707,
            0.17204301075268819,
            0.1794871794871795,
            0.1346153846153846,
            0.85,
            0.2463768115942029,
            0.015873015873015872,
            0.3246753246753247,
            0.4411764705882353,
            0.24050632911392406,
            0.9894736842105263,
            0.28205128205128205,
            0.26582278481012656,
            0.3050847457627119,
            0.30526315789473685,
            0.37349397590361444,
            0.1839080459770115,
            0.2909090909090909,
            0.15584415584415584,
            0.2702702702702703,
            0.09090909090909091,
            0.125,
            0.05,
            0.11764705882352941,
            0.37662337662337664,
            0.288135593220339,
            0.3333333333333333,
            0.0875,
            0.1917808219178082,
            0.04225352112676056,
            0.24096385542168675,
            0.029850746268656716,
            0.2,
            0.075,
            0.22727272727272727,
            0.11842105263157894,
            0.19753086419753085,
            0.27941176470588236,
            0.38095238095238093,
            0.1566265060240964,
            0.2235294117647059,
            0.30158730158730157,
            0.09333333333333334,
            0.19480519480519481,
            0.2,
            0.3191489361702128,
            0.078125,
            0.15384615384615385,
            0.06060606060606061,
            1.0909090909090908,
            0.29545454545454547,
            0.2463768115942029,
            0.4,
            0.4,
            0.2,
            0.09523809523809523,
            0.09375,
            0.20270270270270271,
            0.19753086419753085,
            0.13725490196078433,
            0.23684210526315788
        ],
        "CER Mean": 0.2069,
        "CER List": [
            0.23284313725490197,
            0.2511737089201878,
            0.13270142180094788,
            0.24829157175398633,
            0.1776765375854214,
            0.20041753653444677,
            0.2916666666666667,
            0.0546218487394958,
            0.9388059701492537,
            0.2620192307692308,
            0.38349514563106796,
            0.17553191489361702,
            0.19210526315789472,
            0.3555858310626703,
            0.05329153605015674,
            0.28901734104046245,
            0.1588235294117647,
            0.3116370808678501,
            0.30265486725663715,
            0.2874015748031496,
            0.21763085399449036,
            0.3484042553191489,
            0.2215568862275449,
            0.07780979827089338,
            0.2880324543610548,
            0.15217391304347827,
            0.09836065573770492,
            0.11228070175438597,
            0.10543130990415335,
            0.19210053859964094,
            0.2427536231884058,
            0.15262321144674085,
            0.05176470588235294,
            0.07633587786259542,
            0.3188908145580589,
            0.2332695984703633,
            0.3309222423146474,
            0.3095723014256619,
            0.19427402862985685,
            0.31191222570532917,
            0.3630769230769231,
            0.1111111111111111,
            0.39420654911838793,
            0.23371647509578544,
            0.13419117647058823,
            0.15288220551378445,
            0.29337539432176657,
            0.5092592592592593,
            0.132890365448505,
            0.4257748776508972,
            0.17980295566502463,
            0.22336769759450173,
            0.6095076400679117,
            0.3208092485549133,
            0.7333333333333333,
            0.31802120141342755,
            0.3288690476190476,
            0.5423023578363384,
            0.4026548672566372,
            0.23493975903614459,
            0.3618320610687023,
            0.42452830188679247,
            0.7314685314685314,
            0.9313131313131313,
            0.6687306501547987,
            0.5746268656716418,
            0.8394062078272605,
            0.6964047936085219,
            0.43190661478599224,
            0.8597122302158273,
            0.34509803921568627,
            0.055825242718446605,
            0.07027027027027027,
            0.13106796116504854,
            0.09345794392523364,
            0.11488250652741515,
            0.12085769980506822,
            0.5465288035450517,
            0.29590017825311943,
            0.08775981524249422,
            0.21913043478260869,
            0.19868995633187772,
            0.0963855421686747,
            0.10251046025104603,
            0.13870246085011187,
            0.11383928571428571,
            0.23658051689860835,
            0.05762081784386617,
            0.2401883830455259,
            0.21016166281755197,
            0.1830065359477124,
            0.7371794871794872,
            0.3044189852700491,
            0.5531197301854974,
            0.15198237885462554,
            0.3083941605839416,
            0.19824561403508772,
            0.3555926544240401,
            0.43601190476190477,
            0.34069400630914826,
            0.10922787193973635,
            0.2510822510822511,
            0.25555555555555554,
            0.22933884297520662,
            0.3356401384083045,
            0.33276157804459694,
            0.52,
            0.28114478114478114,
            0.30340557275541796,
            0.34415584415584416,
            0.7650531286894924,
            0.23591549295774647,
            0.2943396226415094,
            0.2222222222222222,
            0.4623493975903614,
            0.4161184210526316,
            0.2045977011494253,
            0.43142857142857144,
            0.3410301953818828,
            0.28284671532846717,
            0.22086956521739132,
            0.4161392405063291,
            0.37375415282392027,
            0.6138613861386139,
            0.05154639175257732,
            0.24022346368715083,
            0.2,
            0.1544885177453027,
            0.1006036217303823,
            0.1740976645435244,
            0.1805111821086262,
            0.08961303462321792,
            0.991130820399113,
            0.09403669724770643,
            0.25132275132275134,
            0.09819121447028424,
            0.18625277161862527,
            0.21258134490238612,
            0.11650485436893204,
            0.16152019002375298,
            0.09037328094302555,
            0.14345114345114346,
            0.20044543429844097,
            0.1450381679389313,
            0.1658653846153846,
            0.15609756097560976,
            0.111328125,
            0.14717741935483872,
            0.07551487414187644,
            0.16096579476861167,
            0.11155378486055777,
            0.2838427947598253,
            0.22953736654804271,
            0.15056818181818182,
            0.215,
            0.2247191011235955,
            0.1189873417721519,
            0.16939890710382513,
            0.2042755344418052,
            0.20135746606334842,
            0.22928709055876687,
            0.2800718132854578,
            0.18323586744639375,
            0.17307692307692307,
            0.17095588235294118,
            0.22522522522522523,
            0.1492007104795737,
            0.17040358744394618,
            0.16725352112676056,
            0.08857808857808858,
            0.3130434782608696,
            0.18238993710691823,
            0.10752688172043011,
            0.13566739606126915,
            0.28837209302325584,
            0.2255813953488372,
            0.0650759219088937,
            0.09417040358744394,
            0.2157258064516129,
            0.1712846347607053,
            0.19672131147540983,
            0.20518867924528303,
            0.12296564195298372,
            0.17729083665338646,
            0.16981132075471697,
            0.09699769053117784,
            0.15774647887323945,
            0.1902654867256637,
            0.1297071129707113,
            0.2240566037735849,
            0.1738382099827883,
            0.10730593607305935,
            0.1697674418604651,
            0.2811881188118812,
            0.1171875,
            0.14225053078556263,
            0.8805194805194805,
            0.08470588235294117,
            0.15768463073852296,
            0.2578125,
            0.21483375959079284,
            0.13728813559322034,
            0.16427104722792607,
            0.22242647058823528,
            0.09692671394799054,
            0.252991452991453,
            0.1306122448979592,
            0.14734774066797643,
            0.22323049001814882,
            0.10822510822510822,
            0.17555555555555555,
            0.027700831024930747,
            0.18181818181818182,
            0.8541353383458646,
            0.08485856905158069,
            0.31608391608391606,
            0.34074074074074073,
            0.9717813051146384,
            0.10575139146567718,
            0.3659090909090909,
            0.9968701095461658,
            0.17339312406576982,
            0.4339419978517723,
            0.0341726618705036,
            0.508937960042061,
            0.5043695380774033,
            0.5028121484814398,
            0.8956158663883089,
            0.18858131487889274,
            0.16081330868761554,
            0.20868113522537562,
            0.6686507936507936,
            0.16025641025641027,
            0.4977973568281938,
            0.5608365019011406,
            0.25648021828103684,
            0.34492350486787204,
            0.20550458715596331,
            0.34980494148244473,
            0.3029871977240398,
            0.23339011925042588,
            0.06265664160401002,
            0.6336464560204953,
            0.21428571428571427,
            0.1851063829787234,
            0.25,
            0.994263862332696,
            0.1211453744493392,
            0.1306532663316583,
            0.10638297872340426,
            0.14166666666666666,
            0.6307222787385555,
            0.17350746268656717,
            0.20754716981132076,
            0.3100263852242744,
            0.12121212121212122,
            0.46816976127320953,
            0.9897510980966325,
            0.9525641025641025,
            0.18287037037037038,
            0.14457831325301204,
            0.3715046604527297,
            0.12631578947368421,
            0.3555276381909548,
            0.04357298474945534,
            0.06837606837606838,
            0.16216216216216217,
            0.03723404255319149,
            0.11320754716981132,
            0.1592505854800937,
            0.44310344827586207,
            0.9978991596638656,
            0.19635627530364372,
            0.3856707317073171,
            0.39568345323741005,
            0.4944237918215613,
            0.04336734693877551,
            0.9916317991631799,
            0.14915966386554622,
            0.26021505376344084,
            0.36334913112164297,
            0.1595238095238095,
            0.31114808652246256,
            0.26515151515151514,
            0.2669683257918552,
            0.25989672977624784,
            0.19230769230769232,
            0.7568807339449541,
            0.24008810572687225,
            0.17872340425531916,
            0.20537897310513448,
            0.25396825396825395,
            0.2560747663551402,
            0.1388888888888889,
            0.3660030627871363,
            0.25925925925925924,
            0.15294117647058825,
            0.9948805460750854,
            0.1144578313253012,
            0.07012987012987013,
            0.04580152671755725,
            0.13333333333333333,
            0.08418891170431211,
            0.102880658436214,
            0.0748502994011976,
            0.06970509383378017,
            0.14058355437665782,
            0.09264305177111716,
            0.08977556109725686,
            0.08306709265175719,
            0.08288770053475936,
            0.2564102564102564,
            0.10864745011086474,
            0.0703883495145631,
            0.06920415224913495,
            0.11004784688995216,
            0.16793893129770993,
            0.4870259481037924,
            0.1425233644859813,
            0.09917355371900827,
            0.10314685314685315,
            0.08363636363636363,
            0.0893854748603352,
            0.10196779964221825,
            0.11505922165820642,
            0.09054325955734406,
            0.13596491228070176,
            0.1135593220338983,
            0.07058823529411765,
            0.06458333333333334,
            0.03187250996015936,
            0.05138339920948617,
            0.08085106382978724,
            0.029288702928870293,
            0.05046728971962617,
            0.9234972677595629,
            0.08191126279863481,
            0.11190053285968028,
            0.06506849315068493,
            0.04448742746615087,
            0.0893169877408056,
            0.08156028368794327,
            0.07056798623063683,
            0.07074569789674952,
            0.03571428571428571,
            0.06680161943319839,
            0.08916083916083917,
            0.07543520309477757,
            0.06375227686703097,
            0.125,
            0.11519198664440734,
            0.11231884057971014,
            0.19831932773109243,
            0.06653992395437262,
            0.09885931558935361,
            0.1045045045045045,
            0.13618677042801555,
            0.07744107744107744,
            0.08885017421602788,
            0.14231499051233396,
            0.096,
            0.9950248756218906,
            0.08811475409836066,
            0.058823529411764705,
            0.1501597444089457,
            0.10231660231660232,
            0.3706070287539936,
            0.14942528735632185,
            0.11827956989247312,
            0.18275862068965518,
            0.9051490514905149,
            0.2345679012345679,
            0.18206521739130435,
            0.09558823529411764,
            0.3112745098039216,
            0.17534246575342466,
            0.12589928057553956,
            0.17849898580121704,
            0.09285714285714286,
            0.14545454545454545,
            0.11764705882352941,
            0.09230769230769231,
            0.11518324607329843,
            0.3023255813953488,
            0.04790419161676647,
            0.20545073375262055,
            0.3111111111111111,
            0.21218961625282168,
            0.1655773420479303,
            0.1299093655589124,
            0.3817733990147783,
            0.16898148148148148,
            0.27634660421545665,
            0.13740458015267176,
            0.22119815668202766,
            0.240990990990991,
            0.2233502538071066,
            0.17201166180758018,
            0.1556122448979592,
            0.04932735426008968,
            0.3482587064676617,
            0.0942622950819672,
            0.2047970479704797,
            0.14912280701754385,
            0.13192612137203166,
            0.10909090909090909,
            0.03359173126614987,
            0.23986486486486486,
            0.12048192771084337,
            0.13034188034188035,
            0.17320261437908496,
            0.3130434782608696,
            0.06130268199233716,
            0.15759312320916904,
            0.12218045112781954,
            0.22792022792022792,
            0.2038369304556355,
            0.16624040920716113,
            0.16464891041162227,
            0.2111111111111111,
            0.09264305177111716,
            0.1958997722095672,
            0.04864864864864865,
            0.15980629539951574,
            0.14925373134328357,
            0.3231850117096019,
            0.9727891156462585,
            0.15056818181818182,
            0.11958762886597939,
            0.13405797101449277,
            0.11670020120724346,
            0.27954545454545454,
            0.17484662576687116,
            0.3835294117647059,
            0.18446601941747573,
            0.166,
            0.1513157894736842,
            0.18994413407821228,
            0.1630170316301703,
            0.4383561643835616,
            0.16519174041297935,
            0.16897506925207756,
            0.1752808988764045,
            0.35807860262008734,
            0.2156398104265403,
            0.10429447852760736,
            0.9960159362549801,
            0.1089588377723971,
            0.2149321266968326,
            0.29236499068901306,
            0.07692307692307693,
            0.175704989154013,
            0.21739130434782608,
            0.16822429906542055,
            0.14180929095354522,
            0.12354312354312354,
            0.25,
            0.15938864628820962,
            0.18316831683168316,
            0.1416184971098266,
            0.09946236559139784,
            0.17194570135746606,
            0.14905149051490515,
            0.14652956298200515,
            0.10248447204968944,
            0.13742071881606766,
            0.14388489208633093,
            0.12356979405034325,
            0.24507658643326038,
            0.12098765432098765,
            0.24945295404814005,
            0.32620320855614976,
            0.08780487804878048,
            0.8217391304347826,
            0.8658536585365854,
            0.03523035230352303,
            0.04722222222222222,
            0.021538461538461538,
            0.14786967418546365,
            0.0951219512195122,
            0.14102564102564102,
            0.06593406593406594,
            0.1880108991825613,
            0.11940298507462686,
            0.06303724928366762,
            0.17094017094017094,
            0.09427609427609428,
            0.007614213197969543,
            0.0847457627118644,
            0.012135922330097087,
            0.940149625935162,
            0.10576923076923077,
            0.05733944954128441,
            0.2071563088512241,
            0.12334801762114538,
            0.043209876543209874,
            0.2704626334519573,
            0.13164556962025317,
            0.17439293598233996,
            0.4231536926147705,
            0.10554089709762533,
            0.2982062780269058,
            0.05398457583547558,
            0.10588235294117647,
            0.2548262548262548,
            0.04814004376367615,
            0.08207343412526998,
            0.07584269662921349,
            0.04774535809018567,
            0.025139664804469275,
            0.1277056277056277,
            0.09669811320754718,
            0.1015625,
            0.12320328542094455,
            0.03951367781155015,
            0.018912529550827423,
            0.0835509138381201,
            0.029017857142857144,
            0.04929577464788732,
            0.17965367965367965,
            0.04714640198511166,
            0.32854578096947934,
            0.13615023474178403,
            0.07962529274004684,
            0.11971830985915492,
            0.15711252653927812,
            0.07429718875502007,
            0.11842105263157894,
            0.12361623616236163,
            0.07758620689655173,
            0.08396946564885496,
            0.15604395604395604,
            0.13150684931506848,
            0.16075156576200417,
            0.04462474645030426,
            0.17701149425287357,
            0.06779661016949153,
            0.07945205479452055,
            0.1292372881355932,
            0.15119363395225463,
            0.09497206703910614,
            0.5297397769516728,
            0.1192214111922141,
            0.06267806267806268,
            0.09523809523809523,
            0.10395010395010396,
            0.10728744939271255,
            0.08502024291497975,
            0.1425531914893617,
            0.20125786163522014,
            0.15384615384615385,
            0.07952286282306163,
            0.05921052631578947,
            0.09420289855072464,
            0.8631578947368421,
            0.06987951807228916,
            0.22342342342342342,
            0.20997920997921,
            0.9951219512195122,
            0.65,
            0.1044776119402985,
            0.09267241379310345,
            0.05011389521640091,
            0.09815950920245399,
            0.7457627118644068,
            0.9018567639257294,
            0.9143576826196473,
            0.13333333333333333,
            0.07029478458049887,
            0.13022113022113022,
            0.2633832976445396,
            0.13744075829383887,
            0.1256544502617801,
            0.40594059405940597,
            0.1550632911392405,
            0.09401709401709402,
            0.4714003944773176,
            0.10401891252955082,
            0.09176470588235294,
            0.05152224824355972,
            0.058315334773218146,
            0.06622516556291391,
            0.04592901878914405,
            0.09343434343434344,
            0.08215962441314555,
            0.03333333333333333,
            0.05029585798816568,
            0.13169642857142858,
            0.10164835164835165,
            0.09523809523809523,
            0.09655172413793103,
            0.08372093023255814,
            0.16350710900473933,
            0.07719928186714542,
            0.0390625,
            0.109979633401222,
            0.07322654462242563,
            0.048223350253807105,
            0.058011049723756904,
            0.08108108108108109,
            0.05804749340369393,
            0.029166666666666667,
            0.09348441926345609,
            0.02849002849002849,
            0.05150214592274678,
            0.04050632911392405,
            0.08823529411764706,
            0.0819327731092437,
            0.03125,
            0.054945054945054944,
            0.10199004975124377,
            0.030211480362537766,
            0.10300429184549356,
            0.10997442455242967,
            0.08496732026143791,
            0.10512129380053908,
            0.10049019607843138,
            0.36186770428015563,
            0.24242424242424243,
            0.045662100456621,
            0.06074766355140187,
            0.30303030303030304,
            0.04861111111111111,
            0.14713896457765668,
            0.10982658959537572,
            0.011961722488038277,
            0.09718670076726342,
            0.15789473684210525,
            0.052845528455284556,
            0.14921465968586387,
            0.07029478458049887,
            0.14989293361884368,
            0.1270096463022508,
            0.0741687979539642,
            0.08836206896551724,
            0.1342281879194631,
            0.1643835616438356,
            0.24043715846994534,
            0.03137254901960784,
            0.1228813559322034,
            0.14022988505747128,
            0.125,
            0.22789783889980353,
            0.16666666666666666,
            0.14383561643835616,
            0.24079320113314448,
            0.05789473684210526,
            0.07708333333333334,
            0.26354679802955666,
            0.0535279805352798,
            0.22330097087378642,
            0.22986247544204322,
            0.1211453744493392,
            0.052763819095477386,
            0.050980392156862744,
            0.14767932489451477,
            0.1713221601489758,
            0.15011547344110854,
            0.13243243243243244,
            0.08142493638676845,
            0.1163575042158516,
            0.38461538461538464,
            0.03664921465968586,
            0.14447592067988668,
            0.4263565891472868,
            0.11076923076923077,
            0.5806451612903226,
            0.060267857142857144,
            0.0979381443298969,
            0.0,
            0.04825737265415549,
            0.032418952618453865,
            0.05420054200542006,
            0.04600484261501211,
            0.043209876543209874,
            0.08620689655172414,
            0.0873015873015873,
            0.02368421052631579,
            0.1196808510638298,
            0.08266666666666667,
            0.08021390374331551,
            0.09090909090909091,
            0.07909604519774012,
            0.10086455331412104,
            0.7894736842105263,
            0.10810810810810811,
            0.20134228187919462,
            0.04846938775510204,
            0.05620608899297424,
            0.10685483870967742,
            0.08737864077669903,
            0.022900763358778626,
            0.78839590443686,
            0.0896358543417367,
            0.0030120481927710845,
            0.1810810810810811,
            0.2398843930635838,
            0.0859375,
            0.9978632478632479,
            0.14814814814814814,
            0.13672922252010725,
            0.1,
            0.14912280701754385,
            0.21568627450980393,
            0.07042253521126761,
            0.13240418118466898,
            0.042440318302387266,
            0.13068181818181818,
            0.04590163934426229,
            0.028112449799196786,
            0.03225806451612903,
            0.022123893805309734,
            0.20202020202020202,
            0.15412186379928317,
            0.13829787234042554,
            0.036231884057971016,
            0.10512820512820513,
            0.016304347826086956,
            0.16517857142857142,
            0.01971830985915493,
            0.046189376443418015,
            0.06297229219143577,
            0.17405063291139242,
            0.09653465346534654,
            0.10273972602739725,
            0.14285714285714285,
            0.11764705882352941,
            0.14423076923076922,
            0.07621247113163972,
            0.13190184049079753,
            0.05555555555555555,
            0.12239583333333333,
            0.1350210970464135,
            0.225,
            0.061046511627906974,
            0.04784688995215311,
            0.05063291139240506,
            0.828080229226361,
            0.15876777251184834,
            0.05637982195845697,
            0.10837438423645321,
            0.2231404958677686,
            0.09815950920245399,
            0.05161290322580645,
            0.030927835051546393,
            0.08358208955223881,
            0.10632911392405063,
            0.027131782945736434,
            0.14130434782608695
        ]
    }
]